Clone	PY06	SG06	DM06	ST06	NS06	NI06	PY07	FM07	SG07	DM07	ST07	NS07	NI07	PY08	FM08	SG08	DM08	ST08	NS08	NI08	PY14	FM14	SG14	DM14	ST14	NS14	NI14
Atlantic	3.37500	1.07882	23.40400	2.00000	7.79400	58.80000	1.42070	77.58000	1.07977	21.37200	1.00000	8.68200	15.60000	1.10880	62.12000	1.07194	18.34800	1.50000	8.37500	26.30000	1.06350	89.87500	1.07429	NA	2.83333	7.65833	45.00000
B1829-5	2.95000	1.07134	21.69400	1.00000	9.00000	0.00000	0.85900	89.62000	1.07545	19.64100	0.00000	9.00000	0.00000	0.79750	107.25000	1.07112	23.26500	1.00000	8.81300	7.50000	0.79300	93.25000	1.07957	NA	2.00000	9.00000	0.00000
B2721-001	2.18330	1.08642	25.29300	2.00000	8.92200	3.90000	0.78700	75.12000	1.08194	22.05600	1.00000	9.00000	0.00000	0.75800	53.63000	1.07261	21.96000	3.00000	8.92500	7.50000	0.88600	91.50000	1.07741	19.19100	2.00000	8.90000	8.90000
B2721-002	2.87500	1.07720	22.28000	2.00000	8.43500	34.80000	0.84200	62.25000	1.08394	22.28700	1.50000	7.95000	40.00000	0.62800	88.63000	1.07752	20.12900	3.00000	9.00000	0.00000	0.97450	89.50000	1.07903	21.02300	3.00000	7.75000	7.75000
B2721-003	3.20830	1.06996	21.10500	2.00000	8.61100	19.40000	0.69800	86.00000	1.07279	20.47100	0.00000	8.62000	15.60000	0.83450	82.88000	1.05952	19.04900	2.00000	9.00000	0.00000	0.48800	91.50000	1.06457	19.10300	0.50000	8.60000	17.50000
B2721-004	1.23330	1.08455	24.55200	2.00000	8.30000	35.00000	NA	NA	NA	NA	NA	NA	NA	0.31550	61.88000	1.06924	17.34100	3.00000	8.94900	5.10000	0.27150	86.62500	1.06694	20.83700	2.00000	8.93750	8.93750
B2721-005	2.67500	1.06946	21.08400	1.00000	9.00000	0.00000	1.63450	51.75000	1.07280	20.91600	0.50000	7.62500	67.50000	0.86100	50.08000	1.05911	23.93400	1.50000	8.90000	10.00000	1.19700	88.62500	1.06474	18.38700	2.50000	7.62500	55.00000
B2721-006	1.48330	1.06490	22.57800	2.00000	4.47600	95.20000	0.78800	80.63000	1.06679	19.08600	1.00000	5.02500	90.00000	0.60950	88.88000	1.06802	17.39200	1.50000	7.70000	55.00000	0.39450	88.62500	1.05890	19.77700	2.00000	6.62500	65.00000
B2721-007	2.01670	1.07398	21.45600	1.00000	9.00000	0.00000	1.20190	63.25000	1.07553	19.78700	0.50000	9.00000	0.00000	0.73600	47.63000	1.06470	13.62000	0.50000	9.00000	0.00000	0.44450	89.50000	1.07888	20.79300	1.00000	9.00000	0.00000
B2721-008	3.80000	1.07500	22.99900	2.00000	8.78800	18.20000	1.13800	60.88000	1.06909	20.49900	1.50000	7.97500	32.50000	0.75150	44.00000	1.06228	15.47400	1.00000	8.55000	25.00000	1.12500	85.75000	1.06150	19.04300	3.00000	6.02500	72.50000
B2721-009	1.70000	1.06891	21.80800	2.00000	8.96200	3.80000	1.18900	80.63000	1.07251	20.81800	1.50000	8.97500	2.50000	0.62250	76.25000	1.07516	22.35100	2.00000	8.92500	2.50000	0.85700	85.75000	1.06727	20.33100	2.00000	8.92500	5.00000
B2721-010	2.54170	1.07875	22.88000	1.00000	9.00000	0.00000	0.78100	104.25000	1.08170	21.63200	1.00000	9.00000	0.00000	0.59050	94.88000	1.07949	19.09500	1.00000	9.00000	0.00000	0.85050	89.50000	1.07678	21.17900	2.00000	9.00000	0.00000
B2721-011	1.80000	1.07327	20.86200	1.00000	9.00000	0.00000	0.69250	126.25000	1.08289	21.19600	0.00000	9.00000	0.00000	0.36300	138.00000	1.06672	16.45300	0.00000	9.00000	0.00000	0.49700	103.00000	1.07919	22.15700	0.50000	9.00000	9.00000
B2721-012	1.65000	1.07348	22.67100	2.00000	8.97100	2.90000	0.96850	62.25000	1.07664	20.56500	1.00000	8.95000	2.50000	0.34000	111.25000	1.07434	22.14300	0.50000	9.00000	0.00000	0.76600	93.25000	1.07658	20.32300	2.00000	9.00000	9.00000
B2721-013	2.61670	1.08010	23.16800	2.00000	8.87900	10.30000	0.90000	100.63000	1.08086	22.67400	0.00000	8.82500	7.50000	0.52500	100.75000	1.07971	18.01400	0.50000	8.92500	2.50000	0.64250	93.25000	1.07191	20.22300	2.00000	8.95000	2.50000
B2721-014	1.35000	1.07605	23.43300	2.00000	9.00000	0.00000	1.26030	35.58000	1.07311	18.80500	2.00000	6.90000	70.00000	1.23600	9.75000	1.05974	19.00400	1.50000	8.20000	37.50000	0.92250	80.00000	1.07675	20.38800	2.50000	7.66316	38.02632
B2721-015	2.10000	1.08446	23.68100	1.00000	8.73500	5.90000	0.82200	86.00000	1.08778	22.82200	0.50000	8.85000	7.50000	0.58850	95.63000	1.08424	20.94500	0.50000	9.00000	0.00000	0.68350	95.25000	1.07944	23.77300	2.00000	8.77500	8.77500
B2721-016	1.61670	1.06811	20.05600	2.00000	8.41700	29.20000	0.75600	42.75000	1.06118	18.50600	2.00000	6.61100	66.90000	0.43150	51.50000	1.05509	13.31600	2.00000	8.44200	25.00000	0.56900	86.62500	1.06033	17.18700	2.00000	6.98947	66.44737
B2721-017	2.30000	1.06899	18.74400	1.00000	8.98400	1.60000	0.57550	78.75000	1.07107	19.66000	1.00000	9.00000	0.00000	0.27950	87.50000	1.06848	15.10500	0.00000	9.00000	0.00000	0.79050	92.37500	1.06897	19.62200	1.50000	8.92500	2.50000
B2721-018	2.10000	1.07691	22.50100	0.00000	9.00000	0.00000	1.14000	84.38000	1.08467	21.75000	0.00000	9.00000	0.00000	0.65000	88.00000	1.07752	24.43400	0.00000	9.00000	0.00000	0.82500	92.37500	1.07603	20.42500	2.00000	9.00000	9.00000
B2721-019	2.05000	1.06928	21.24900	0.00000	9.00000	0.00000	0.87650	86.00000	1.07432	20.42500	0.00000	8.08900	36.70000	0.70650	92.13000	1.07631	19.85100	0.50000	8.87500	10.00000	0.65700	91.50000	1.07223	20.00300	2.00000	8.42500	30.00000
B2721-020	3.15000	1.07366	21.74500	2.00000	9.00000	0.00000	0.88720	46.25000	1.06474	18.84500	2.00000	8.34700	21.90000	0.91250	26.75000	1.05702	21.71500	2.00000	8.85000	10.00000	1.30100	83.75000	1.06253	17.02200	1.50000	7.80000	27.50000
B2721-021	1.59170	1.07168	18.20000	2.00000	9.00000	0.00000	1.05850	62.25000	1.07776	20.88300	2.00000	8.80000	12.50000	0.31350	99.13000	1.07535	20.17400	0.50000	9.00000	0.00000	0.49600	89.50000	1.07257	21.04900	2.50000	8.85000	8.85000
B2721-022	2.20000	1.07737	22.92700	2.00000	6.78600	64.30000	1.30250	60.75000	1.08335	22.67800	0.50000	5.55000	92.50000	0.59450	67.63000	1.07897	25.13400	1.00000	7.77500	45.00000	0.35150	88.62500	1.08207	22.36800	1.50000	6.10000	70.00000
B2721-023	0.74170	1.06202	20.52200	2.00000	8.95500	4.50000	0.34300	107.75000	1.06452	19.35200	3.00000	9.00000	0.00000	0.16000	133.13000	1.06121	17.48400	3.00000	9.00000	0.00000	0.42000	98.12500	1.07062	19.93100	2.00000	9.00000	9.00000
B2721-024	1.81670	1.07538	22.21600	1.00000	8.92700	7.30000	NA	NA	NA	NA	NA	NA	NA	0.34950	106.50000	1.07338	19.45900	1.00000	8.97500	2.50000	NA	NA	NA	NA	NA	NA	NA
B2721-025	3.45000	1.06873	20.71000	2.00000	8.37300	29.40000	1.45280	93.25000	1.08241	22.73400	2.00000	5.10300	83.10000	0.48700	121.00000	1.07083	17.48500	3.00000	8.85000	10.00000	0.74300	92.37500	1.06856	18.80300	2.50000	7.22500	57.50000
B2721-026	2.12500	1.06886	20.65700	1.00000	8.72700	20.50000	0.31150	100.63000	1.07208	19.95400	1.00000	8.80000	8.10000	0.21600	109.75000	1.07175	12.14600	1.00000	9.00000	0.00000	NA	NA	NA	NA	NA	NA	NA
B2721-027	2.56670	1.06876	21.35900	2.00000	8.85700	11.40000	1.42450	62.50000	1.07262	20.63600	2.00000	8.72500	12.50000	0.89600	55.88000	1.06723	22.90900	2.00000	8.92500	2.50000	1.19250	85.75000	1.06700	18.78700	3.00000	8.82500	8.82500
B2721-028	3.23330	1.06700	21.51100	2.00000	9.00000	0.00000	1.25100	68.13000	1.07676	21.62500	2.00000	9.00000	0.00000	0.99650	57.00000	1.07179	30.38300	2.50000	8.97500	2.50000	1.17200	83.75000	1.05760	19.05200	2.50000	8.55000	27.50000
B2721-029	3.86670	1.07428	23.91100	2.00000	8.93000	7.00000	1.51150	42.88000	1.06969	20.37900	1.00000	8.22500	40.00000	1.30000	33.63000	1.06360	19.10600	2.00000	8.60000	25.00000	1.30850	83.75000	1.06115	18.78500	2.00000	5.81324	5.81324
B2721-030	2.42500	1.08268	24.10900	2.00000	8.94900	5.10000	1.10200	37.38000	1.07338	21.08400	2.00000	5.82500	92.50000	0.84150	42.63000	1.06017	18.63800	1.50000	8.97500	2.50000	NA	NA	NA	NA	NA	NA	NA
B2721-031	2.15830	1.06655	18.12800	2.00000	9.00000	0.00000	0.98100	64.25000	1.06849	20.39300	1.50000	8.92500	2.50000	0.54600	71.63000	1.06024	20.63600	2.50000	9.00000	0.00000	0.54450	92.37500	1.05747	18.16300	2.50000	8.97500	8.97500
B2721-032	2.71670	1.08175	20.89300	2.00000	8.43900	28.10000	1.15500	59.00000	1.08145	22.23600	2.50000	7.92500	35.00000	0.80100	87.25000	1.08061	26.28600	1.00000	8.85000	10.00000	0.84200	91.50000	1.07124	21.54000	3.00000	7.40000	47.50000
B2721-033	1.87500	1.07219	17.52400	1.00000	9.00000	0.00000	0.99900	86.38000	1.07912	20.48700	0.50000	9.00000	0.00000	0.38050	96.42000	1.07120	20.12900	0.00000	8.95000	2.50000	0.69100	93.25000	1.06723	17.94300	2.00000	8.90000	8.90000
B2721-034	1.80000	1.07396	21.86700	1.00000	8.75000	11.10000	0.91300	108.00000	1.07463	20.88000	0.00000	8.65000	17.50000	0.51900	116.00000	1.07012	17.30800	0.00000	9.00000	0.00000	0.49700	100.12500	1.06815	19.71500	2.00000	8.55000	15.00000
B2721-035	1.94170	1.06843	16.93400	1.00000	9.00000	0.00000	0.81650	80.63000	1.07194	18.62000	0.50000	8.95000	5.00000	0.40400	106.38000	1.07433	16.97800	0.00000	9.00000	0.00000	0.77200	93.25000	1.06733	18.51300	2.00000	9.00000	9.00000
B2721-036	2.15830	1.07808	19.72900	2.00000	8.97100	2.90000	1.16600	73.50000	1.08309	22.89200	1.00000	7.80000	42.50000	0.62700	66.13000	1.07565	26.90900	1.50000	8.55000	22.50000	0.54400	90.37500	1.06514	19.76500	2.00000	6.95000	57.50000
B2721-037	1.45000	1.06729	16.93500	2.00000	8.97200	2.80000	1.15750	71.50000	1.07011	20.17900	1.50000	8.67500	10.00000	0.53500	98.38000	1.06500	18.39200	0.50000	8.90000	5.00000	0.69000	90.37500	1.06809	20.26300	2.00000	8.67500	8.67500
B2721-038	2.50000	1.07132	17.74800	2.00000	8.87800	12.20000	0.89550	44.50000	1.06716	18.74000	2.00000	8.60000	30.00000	0.65300	45.75000	1.05963	18.40200	1.50000	8.97500	2.50000	0.22300	88.62500	1.07216	18.42600	2.00000	8.87500	6.25000
B2721-039	3.80830	1.06479	16.69400	2.00000	9.00000	0.00000	0.75350	93.38000	1.06918	19.46600	0.50000	9.00000	0.00000	0.54200	98.75000	1.07346	21.50400	0.50000	9.00000	0.00000	NA	NA	NA	NA	NA	NA	NA
B2721-040	2.92500	1.08166	20.40000	1.00000	9.00000	0.00000	1.30800	71.38000	1.08719	22.68500	0.00000	9.00000	0.00000	0.81250	88.00000	1.07568	18.15400	0.00000	9.00000	0.00000	0.54550	93.25000	1.08005	20.14700	2.00000	9.00000	0.00000
B2721-041	1.27140	1.06899	17.99700	1.00000	8.13300	46.70000	0.44100	73.25000	1.07311	20.39800	1.00000	8.60000	17.50000	0.48400	91.25000	1.07338	18.34700	0.50000	8.97500	2.50000	0.87700	98.12500	1.04895	15.49300	2.00000	8.95000	8.95000
B2721-042	2.35830	1.07769	19.52200	2.00000	9.00000	0.00000	0.94650	71.38000	1.07785	21.27700	1.50000	9.00000	0.00000	0.30600	99.38000	1.07836	19.24700	0.50000	9.00000	0.00000	0.54250	97.25000	1.08214	20.88900	2.00000	9.00000	0.00000
B2721-043	3.79170	1.06665	17.06900	2.00000	8.69000	21.40000	1.57950	48.00000	1.06528	18.42900	2.00000	8.75000	17.50000	0.54350	61.25000	1.06166	17.02300	1.50000	9.00000	0.00000	0.82950	83.75000	1.05692	17.69700	2.50000	8.40625	8.40625
B2721-044	1.94170	1.06773	18.37900	3.00000	8.26300	34.20000	0.81100	40.88000	1.07255	21.37800	3.00000	7.80000	47.50000	0.61950	40.63000	1.06680	18.41900	3.00000	8.75000	12.50000	0.42550	85.75000	1.07299	20.25500	2.50000	7.32500	60.00000
B2721-045	2.28330	1.07944	20.00300	1.00000	8.98100	1.90000	1.00750	78.88000	1.08859	23.40100	1.00000	9.00000	0.00000	0.41550	100.38000	1.09132	19.20500	1.00000	9.00000	0.00000	0.60650	92.37500	1.07745	22.42100	2.00000	8.35000	8.35000
B2721-046	3.62500	1.07413	19.46900	1.00000	8.75600	12.20000	1.11450	46.50000	1.06594	19.26700	1.50000	5.85000	77.50000	0.95900	41.38000	1.06240	14.67400	1.50000	7.62500	52.50000	0.84600	85.75000	1.06268	17.27800	1.50000	3.52500	95.00000
B2721-047	2.48330	1.07183	17.50400	1.00000	9.00000	0.00000	0.99250	130.00000	1.08209	20.38800	0.00000	9.00000	0.00000	0.48050	139.00000	1.07489	17.56200	0.00000	9.00000	0.00000	0.61550	105.00000	1.07389	21.08500	1.00000	9.00000	9.00000
B2721-048	2.26670	1.07342	19.74400	3.00000	8.66700	20.00000	1.16500	66.25000	1.07440	21.00900	2.00000	8.45000	27.50000	0.68500	59.25000	1.06194	18.59600	2.00000	8.70000	20.00000	0.73250	91.50000	1.07258	20.73300	2.00000	7.87500	42.50000
B2721-049	1.50830	1.06322	16.86900	1.00000	7.95200	33.30000	0.56500	86.00000	1.06716	19.19800	1.00000	8.42500	20.00000	0.63800	49.75000	1.06164	20.84100	1.50000	8.60000	17.50000	0.46600	92.37500	1.06503	21.06000	2.50000	7.42500	7.42500
B2721-050	2.10000	1.06957	18.39200	1.00000	8.89400	6.40000	0.88450	73.38000	1.08255	21.22200	1.50000	8.80000	12.50000	0.43100	85.25000	1.07603	20.61200	1.00000	8.95000	2.50000	1.37150	88.62500	1.07755	21.44500	3.00000	7.77500	7.77500
B2721-051	2.45830	1.06170	15.68900	0.00000	8.96800	3.20000	0.88450	93.38000	1.07370	20.57300	0.00000	8.97500	2.50000	0.62150	90.38000	1.07776	21.91000	0.00000	9.00000	0.00000	0.74700	95.25000	1.07285	20.43100	2.00000	8.55000	25.00000
B2721-052	3.47000	1.06556	17.44200	2.00000	8.97100	2.90000	1.61250	66.25000	1.07245	19.86900	2.00000	8.35000	42.50000	1.23250	49.88000	1.06155	17.75600	2.00000	8.97500	2.50000	0.77700	88.62500	1.06771	19.96800	3.00000	8.00000	8.00000
B2721-053	1.45000	1.06316	17.35300	1.00000	8.93000	3.50000	1.32450	84.25000	1.07809	20.98500	0.50000	8.45000	30.00000	0.56550	102.50000	1.07548	21.67100	0.00000	9.00000	0.00000	0.46350	93.25000	1.07014	20.46100	1.50000	8.40000	25.00000
B2721-054	1.19000	1.07192	16.98300	2.00000	8.47500	27.10000	0.53850	82.25000	1.07383	20.79000	3.00000	9.00000	0.00000	0.22150	106.88000	1.06840	14.55500	3.00000	9.00000	0.00000	0.45000	90.37500	1.07594	21.45800	3.00000	9.00000	9.00000
B2721-055	3.80000	1.06978	NA	1.00000	NA	NA	1.79450	64.50000	1.07022	18.60200	0.00000	8.70000	12.50000	0.83700	54.63000	1.06026	21.55800	0.50000	8.90000	2.50000	1.20250	91.50000	1.06567	18.92000	2.50000	8.67500	20.00000
B2721-056	1.80000	1.07823	19.88500	1.00000	9.00000	0.00000	NA	NA	NA	NA	NA	NA	NA	NA	NA	NA	NA	NA	NA	NA	NA	NA	NA	NA	NA	NA	NA
B2721-057	2.06670	1.07247	18.32000	1.00000	9.00000	0.00000	1.28400	61.00000	1.07657	20.00500	0.50000	8.67500	22.50000	0.76750	51.38000	1.06166	21.01000	0.50000	8.97500	2.50000	0.88350	85.75000	1.06204	17.36900	2.00000	7.47500	7.47500
B2721-058	2.41670	1.07364	19.51200	2.00000	8.16100	41.90000	1.09400	86.13000	1.07428	19.93500	1.00000	8.77500	7.50000	0.74600	62.75000	1.06194	20.30200	2.50000	8.90000	7.50000	0.90900	92.37500	1.07282	19.51200	1.50000	8.75000	15.00000
B2721-059	1.60000	1.06914	18.24200	1.00000	8.82800	6.90000	0.71200	77.13000	1.07681	20.36800	0.50000	8.87500	7.50000	0.43650	114.13000	1.07938	20.01900	0.00000	9.00000	0.00000	0.17350	96.12500	1.06836	27.21200	1.50000	8.92105	8.92105
B2721-060	1.19170	1.05995	16.07600	1.00000	9.00000	0.00000	0.78850	86.13000	1.07292	20.86900	0.00000	8.87500	7.50000	0.55250	101.50000	1.07139	18.24900	0.00000	9.00000	0.00000	0.60000	94.37500	1.06849	20.22300	2.50000	9.00000	9.00000
B2721-061	1.28330	1.07276	18.08600	2.00000	8.92300	3.80000	0.62600	73.13000	1.07811	21.56300	1.00000	8.77500	7.50000	0.36700	93.13000	1.07632	22.65000	2.00000	9.00000	0.00000	0.42250	93.25000	1.08120	21.15300	2.00000	8.52500	10.00000
B2721-062	2.33330	1.07486	22.80700	2.00000	8.73500	11.80000	1.18300	39.13000	1.06826	21.23500	2.00000	5.77500	82.50000	0.80450	32.63000	1.06086	19.08600	2.00000	8.10000	35.00000	0.60400	87.50000	1.06178	19.27600	2.00000	7.87763	7.87763
B2721-063	1.33330	1.07826	23.25300	2.00000	9.00000	0.00000	0.65550	93.38000	1.08502	22.20600	1.00000	9.00000	0.00000	0.43950	98.25000	1.08306	21.91700	0.50000	9.00000	0.00000	0.25950	93.25000	1.08283	22.36500	1.50000	8.87500	8.33333
B2721-064	3.14170	1.07804	23.77500	2.00000	8.78000	10.20000	1.54400	82.38000	1.08473	21.47200	0.50000	9.00000	0.00000	0.51000	106.50000	1.08131	21.01500	0.50000	9.00000	0.00000	1.04350	93.25000	1.08026	21.66800	2.00000	8.90000	8.90000
B2721-065	0.70830	1.06030	15.95000	1.00000	9.00000	0.00000	NA	NA	NA	NA	NA	NA	NA	NA	NA	NA	NA	NA	NA	NA	NA	NA	NA	NA	NA	NA	NA
B2721-066	1.40000	1.07418	22.57100	2.00000	8.93300	6.70000	0.63350	82.38000	1.07614	20.39000	2.00000	8.45000	22.50000	0.25550	86.63000	1.07781	21.57600	1.00000	8.95000	2.50000	0.54000	85.75000	1.07214	19.67300	2.00000	8.80000	7.50000
B2721-067	1.84170	1.07402	23.17800	1.00000	9.00000	0.00000	0.79100	64.38000	1.08012	20.49500	1.00000	9.00000	0.00000	0.47250	69.50000	1.07655	18.49300	0.50000	9.00000	0.00000	0.50850	91.50000	1.07838	22.25600	1.50000	8.25000	8.25000
B2721-068	2.12500	1.06835	17.99500	2.00000	8.90000	7.50000	0.71450	84.25000	1.07987	21.07400	2.00000	8.97500	2.50000	0.75950	80.88000	1.06934	21.01500	2.00000	8.95000	2.50000	0.50050	93.25000	1.06348	18.41700	2.00000	9.00000	0.00000
B2721-069	3.50830	1.07501	22.91000	1.00000	9.00000	0.00000	1.56700	41.13000	1.07403	21.45800	1.00000	8.57500	20.00000	1.19750	15.38000	1.05658	18.23400	1.00000	8.62500	20.00000	1.26800	85.75000	1.07363	20.86600	2.50000	8.47500	8.47500
B2721-070	2.60000	1.07407	21.62600	2.00000	9.00000	0.00000	0.97750	82.38000	1.07711	19.89600	1.50000	9.00000	0.00000	0.76350	90.13000	1.07138	19.40500	1.00000	9.00000	0.00000	1.01100	88.62500	1.07449	19.35200	3.00000	8.77500	8.77500
B2721-071	2.06670	1.08108	21.66300	2.00000	8.54300	23.90000	1.02000	44.88000	1.06694	20.30500	2.00000	4.97500	97.50000	0.61500	30.25000	1.05728	12.50700	1.50000	7.57500	57.50000	0.82950	86.62500	1.06389	19.13300	2.50000	5.12500	85.00000
B2721-072	1.83330	1.06831	21.12800	1.00000	9.00000	0.00000	0.92800	82.38000	1.07190	20.16000	0.00000	8.57500	17.50000	0.57850	110.13000	1.06648	18.42900	0.00000	8.80000	7.50000	0.84700	93.25000	1.07040	19.34700	2.50000	8.72500	8.72500
B2721-073	2.69170	1.07399	21.71600	0.00000	9.00000	0.00000	1.05800	111.63000	1.08055	21.24900	0.50000	9.00000	0.00000	0.54250	113.88000	1.07557	23.55800	0.50000	9.00000	0.00000	0.89550	96.12500	1.07504	20.49400	1.50000	8.92500	5.00000
B2721-074	1.92500	1.07149	20.67900	2.00000	8.70800	12.50000	0.93300	89.63000	1.07553	22.72400	2.00000	8.97500	2.50000	0.51350	106.38000	1.07275	24.26100	3.00000	9.00000	0.00000	0.67200	90.37500	1.07066	20.58900	3.00000	8.86944	8.86944
B2721-075	2.14000	1.07732	22.56300	1.00000	8.97800	2.20000	1.19400	55.25000	1.07710	21.68900	2.00000	8.67500	30.00000	0.65350	67.50000	1.07725	16.27200	1.00000	9.00000	0.00000	1.13650	83.75000	1.07743	19.96800	2.00000	8.80000	17.50000
B2721-076	1.06670	1.07018	19.49200	0.00000	9.00000	0.00000	NA	NA	NA	NA	NA	NA	NA	NA	NA	NA	NA	NA	NA	NA	NA	NA	NA	NA	NA	NA	NA
B2721-077	4.01670	1.07257	21.42700	0.00000	8.88000	4.00000	0.96250	82.25000	1.07201	19.23500	0.00000	8.97500	2.50000	0.89500	111.25000	1.07370	19.22400	0.00000	9.00000	0.00000	0.68150	93.25000	1.07060	19.04100	0.50000	8.97500	8.97500
B2721-078	2.20830	1.07988	22.63400	2.00000	9.00000	0.00000	0.61700	104.38000	1.08399	23.94500	1.00000	9.00000	0.00000	0.73450	112.38000	1.07923	21.99300	1.00000	9.00000	0.00000	1.00700	93.25000	1.07935	22.75200	2.50000	8.85000	7.50000
B2721-079	1.53750	1.06887	20.55100	1.00000	8.92900	7.10000	0.91600	75.13000	1.07036	19.95500	0.00000	8.85000	12.50000	0.56650	74.13000	1.06652	15.19600	1.50000	9.00000	0.00000	0.34350	90.37500	1.07056	19.05900	2.00000	8.52500	8.52500
B2721-080	2.31000	1.06725	19.06100	1.00000	8.87800	9.80000	1.05050	73.50000	1.08550	22.93200	0.50000	9.00000	0.00000	0.70650	67.13000	1.07441	18.60800	0.00000	9.00000	0.00000	0.65900	88.62500	1.07691	20.63800	1.50000	8.95000	8.95000
B2721-081	3.10830	1.07111	21.52600	1.00000	6.08100	82.30000	1.52700	71.63000	1.07713	20.39900	1.00000	7.95000	50.00000	0.82100	65.38000	1.06942	17.05700	1.00000	8.32500	32.50000	0.67600	85.75000	1.06752	18.97800	1.00000	5.85735	83.67647
B2721-082	2.97500	1.07165	20.82400	0.00000	8.86300	11.80000	1.28050	77.13000	1.07494	20.12000	0.00000	8.52500	22.50000	0.58950	80.25000	1.07158	21.40400	0.00000	9.00000	0.00000	0.79300	92.37500	1.07076	19.95900	2.00000	8.95000	8.95000
B2721-083	2.82500	1.07910	22.08000	1.00000	8.42900	24.50000	1.44650	57.13000	1.07348	20.59700	2.00000	6.05000	77.50000	0.68000	35.88000	1.06182	16.37300	2.50000	7.75000	50.00000	1.03450	83.75000	1.05982	20.69600	2.50000	4.32500	90.00000
B2721-084	2.05000	1.07767	21.93800	2.00000	9.00000	0.00000	1.11300	37.38000	1.06984	18.84100	2.00000	8.97500	2.50000	0.80800	25.25000	1.06218	19.69700	3.00000	9.00000	0.00000	0.36700	82.87500	1.07356	20.54200	2.00000	8.90000	8.90000
B2721-085	2.52500	1.06917	20.17900	2.00000	8.93600	4.30000	0.95480	86.00000	1.07290	20.05700	2.00000	9.05300	0.00000	0.71050	75.08000	1.06521	20.84700	3.00000	8.92500	2.50000	0.64200	88.62500	1.07360	21.34500	3.00000	8.27368	35.13158
B2721-086	2.73330	1.07010	20.46200	1.00000	8.96800	3.20000	1.36450	37.25000	1.06970	18.77500	0.50000	8.65000	22.50000	0.57350	42.00000	1.06160	18.97400	1.00000	8.92500	2.50000	0.66050	83.75000	1.06210	17.54900	1.00000	8.80000	8.80000
B2721-087	1.76670	1.07356	23.15100	1.00000	9.00000	0.00000	0.88150	75.13000	1.07698	21.05000	0.50000	8.87500	7.50000	0.39150	82.38000	1.07319	22.96800	0.50000	9.00000	0.00000	0.56700	85.75000	1.07533	18.23500	2.00000	8.78462	15.19231
B2721-088	1.06670	1.06628	19.80200	1.00000	9.00000	0.00000	0.49400	82.38000	1.06532	18.87500	1.00000	9.00000	0.00000	0.36700	101.25000	1.06314	18.42300	0.50000	9.00000	0.00000	NA	NA	NA	NA	NA	NA	NA
B2721-089	2.95000	1.07488	20.74700	1.00000	8.15600	40.60000	1.33350	73.38000	1.07735	20.26300	0.00000	8.80000	15.00000	0.85100	81.38000	1.07039	22.42600	0.00000	9.00000	0.00000	1.22950	86.62500	1.07490	18.82300	1.50000	8.82500	8.82500
B2721-090	1.11670	1.07319	19.20500	2.00000	9.00000	0.00000	1.25600	39.38000	1.07005	20.04300	1.50000	8.42500	32.50000	0.75400	25.38000	1.05980	19.48400	1.50000	8.90000	7.50000	0.94550	81.75000	1.05985	17.84200	2.00000	7.87500	7.87500
B2721-091	1.40830	1.07476	18.95300	2.00000	7.60900	43.50000	0.98950	78.63000	1.08512	22.70300	0.50000	8.00000	42.50000	0.73400	110.88000	1.07922	21.77500	1.00000	9.00000	0.00000	0.68450	92.37500	1.08088	15.18400	2.00000	7.32500	52.50000
B2721-092	2.35000	1.06804	18.19100	2.00000	8.54800	19.40000	0.97700	69.75000	1.07100	21.04000	1.00000	7.75000	50.00000	0.94400	70.63000	1.06513	16.20200	1.50000	8.97500	2.50000	0.50800	89.50000	1.07151	20.59000	1.50000	8.50000	8.50000
B2721-093	2.71000	1.07546	18.90000	1.00000	8.81600	10.50000	0.54950	104.13000	1.08797	23.88100	0.00000	9.00000	0.00000	0.39200	108.75000	1.08185	18.04600	0.50000	9.00000	0.00000	0.39200	92.37500	1.08142	21.47200	1.50000	8.90000	7.50000
B2721-094	1.77500	1.06350	19.12800	2.00000	8.93500	6.50000	0.91250	44.63000	1.05806	18.73700	2.00000	8.55000	22.50000	0.59950	36.38000	1.06218	17.07000	1.00000	8.97500	2.50000	0.67300	85.75000	1.06038	18.03900	2.00000	8.40000	8.40000
B2721-095	1.70000	1.07607	21.97100	2.00000	9.00000	0.00000	1.24750	60.75000	1.07975	20.67800	2.00000	9.00000	0.00000	0.88850	69.00000	1.07193	20.06300	1.00000	9.00000	0.00000	0.99050	88.62500	1.08024	21.23300	3.00000	8.90000	10.00000
B2721-096	2.66670	1.07898	19.31600	2.00000	8.96800	3.20000	0.73700	69.63000	1.07933	20.23600	2.00000	9.00000	0.00000	0.41700	95.13000	1.07526	19.99800	1.00000	8.97500	2.50000	0.68350	89.50000	1.07374	21.12200	2.50000	8.65000	8.65000
B2721-097	1.74170	1.07127	20.16100	1.00000	8.80800	15.40000	0.73150	75.13000	1.07407	20.62400	1.00000	8.30000	42.50000	0.42700	87.38000	1.07097	19.89700	0.50000	9.00000	0.00000	0.31250	93.25000	1.07285	20.27700	2.00000	7.52500	54.16667
B2721-098	1.37500	1.07096	18.60600	2.00000	8.37500	34.40000	0.54800	71.38000	1.07157	20.84700	3.00000	8.50000	15.00000	NA	NA	NA	NA	NA	NA	NA	0.23950	92.37500	1.06304	19.92200	3.00000	8.72500	8.72500
B2721-099	3.24170	1.06975	17.84700	1.00000	6.43900	57.90000	1.62300	57.50000	1.07624	19.72500	1.00000	6.80000	67.50000	NA	NA	NA	NA	NA	NA	NA	0.57050	85.75000	1.06812	21.08700	2.00000	5.22500	92.50000
B2721-100	1.67500	1.06616	16.59900	2.00000	9.00000	0.00000	0.79250	86.12000	1.07363	19.48300	1.50000	9.00000	0.00000	0.43600	107.25000	1.06637	15.47700	2.50000	8.97500	2.50000	0.52500	93.25000	1.06643	17.26500	2.50000	8.90000	8.90000
B2721-101	2.55830	1.07854	22.24600	2.00000	8.97100	2.90000	0.92750	89.62000	1.08039	21.27100	1.00000	9.00000	0.00000	0.54300	102.13000	1.07437	23.45800	1.50000	9.00000	0.00000	0.66950	91.50000	1.07026	20.40600	3.00000	8.92500	5.00000
B2721-102	2.48330	1.06648	17.22000	2.00000	8.96400	3.60000	1.17250	69.87000	1.06885	19.94900	2.00000	9.00000	0.00000	0.77200	64.50000	1.06367	19.58300	1.00000	8.97500	2.50000	0.33800	95.25000	1.05589	19.49900	3.00000	8.97500	8.97500
B2721-103	2.17500	1.07068	19.08200	2.00000	8.64500	16.10000	1.34050	69.75000	1.07018	20.16100	2.00000	8.70000	15.00000	0.92300	37.13000	1.05817	20.99200	1.50000	8.47500	22.50000	0.64400	92.37500	1.06645	22.57700	3.00000	8.57500	22.50000
B2721-104	2.82500	1.06591	19.17600	1.00000	9.00000	0.00000	1.37500	93.50000	1.07726	19.21600	0.00000	9.00000	0.00000	0.85800	121.25000	1.07145	19.38300	0.00000	9.00000	0.00000	0.49250	95.25000	1.07147	19.04100	2.00000	8.67500	8.67500
B2721-105	2.79170	1.08025	21.44400	2.00000	9.00000	0.00000	0.84300	97.00000	1.08896	22.68500	1.00000	9.00000	0.00000	0.64450	104.25000	1.08874	18.95300	1.00000	9.00000	0.00000	0.32450	96.12500	1.07733	22.55200	2.00000	9.00000	0.00000
B2721-106	2.97500	1.07445	20.98300	1.00000	8.36600	24.40000	1.17600	80.62000	1.07538	20.85000	0.00000	8.95000	5.00000	0.58750	78.63000	1.07699	17.91600	0.00000	9.00000	0.00000	0.73850	91.50000	1.07698	19.42400	1.50000	8.27500	8.27500
B2721-107	2.41670	1.07721	21.36400	2.00000	9.00000	0.00000	1.05100	100.50000	1.08406	21.94700	1.00000	8.90000	10.00000	0.66450	104.88000	1.07903	28.00100	2.50000	9.00000	0.00000	0.49990	100.12500	1.08077	21.11600	1.50000	8.85000	10.00000
B2721-108	1.81670	1.07480	21.31400	2.00000	8.97500	2.50000	0.85850	78.62000	1.07919	21.87400	1.00000	8.85000	10.00000	0.38450	90.75000	1.07637	20.81300	1.00000	9.00000	0.00000	0.50600	89.50000	1.07964	23.03700	2.50000	8.92500	8.92500
B2721-109	1.65830	1.07139	21.18900	2.00000	8.88500	7.70000	0.95100	93.50000	1.08060	21.77200	1.50000	8.30000	32.50000	0.47900	82.75000	1.07934	19.78500	1.00000	9.00000	0.00000	0.90250	92.37500	1.07537	21.43900	3.00000	8.92500	7.50000
B2721-110	3.44000	1.07090	22.25000	2.00000	8.53300	17.80000	1.41600	53.63000	1.06516	19.44500	2.00000	8.05000	40.00000	0.97600	41.88000	1.06074	21.24100	2.50000	9.00000	0.00000	1.01800	88.62500	1.06246	20.65900	2.50000	8.55000	22.50000
B2721-111	2.25000	1.07150	19.86700	2.00000	8.20500	40.90000	0.81050	46.37000	1.07010	20.98000	2.50000	8.47500	22.50000	0.62150	49.50000	1.06387	22.22000	2.50000	9.00000	0.00000	0.36150	84.62500	1.06677	19.66200	3.00000	8.87500	8.87500
B2721-112	1.90000	1.07335	20.44600	1.00000	8.83800	13.50000	0.55300	84.38000	1.07958	22.48300	0.50000	8.85000	7.50000	0.46900	92.13000	1.07440	18.62000	0.50000	9.00000	0.00000	0.70950	92.37500	1.07482	21.78500	2.00000	8.60000	20.00000
B2721-113	2.06670	1.07368	19.88000	2.00000	9.00000	0.00000	1.06700	41.25000	1.06921	19.93600	2.00000	9.00000	0.00000	0.67550	55.83000	1.06465	18.12400	1.50000	9.00000	0.00000	NA	NA	NA	NA	NA	NA	NA
B2721-114	1.53330	1.06599	18.19600	0.00000	9.00000	0.00000	0.57700	130.00000	1.07559	20.18300	0.00000	8.87500	5.00000	0.20950	138.00000	1.07052	15.16400	0.00000	9.00000	0.00000	0.65300	93.25000	1.07428	20.09400	1.50000	8.67500	8.67500
B2721-115	1.78330	1.07055	19.50400	0.00000	8.94700	5.30000	0.98250	93.25000	1.07722	20.56600	1.00000	9.00000	0.00000	0.46650	116.00000	1.07918	21.24800	0.00000	9.00000	0.00000	0.73500	95.25000	1.07454	19.54000	1.50000	8.52500	15.00000
B2721-116	3.83330	1.07333	19.73600	1.00000	7.71000	48.40000	0.99400	75.25000	1.07829	20.98400	0.50000	8.77500	12.50000	0.49200	73.50000	1.07551	16.82500	0.50000	9.00000	0.00000	0.81200	91.50000	1.08062	20.63800	2.00000	8.60000	8.60000
B2721-117	2.06670	1.07408	21.17200	1.00000	9.00000	0.00000	0.76250	89.62000	1.07568	20.25500	1.00000	8.97500	2.50000	0.49050	120.38000	1.07248	16.09500	1.50000	9.00000	0.00000	0.47250	95.25000	1.07431	19.88800	2.00000	8.87500	5.00000
B2721-118	2.86670	1.06648	19.70700	2.00000	9.00000	0.00000	1.18200	66.13000	1.07435	20.23600	2.00000	8.95000	2.50000	0.60700	99.00000	1.08248	23.49200	2.00000	9.00000	0.00000	0.72650	93.25000	1.03398	19.34800	2.50000	9.00000	9.00000
B2721-119	2.00000	1.08136	22.49600	2.00000	7.45200	64.50000	0.70850	35.50000	1.07664	20.79600	1.00000	7.77500	45.00000	0.82550	8.87000	1.06128	20.65800	1.50000	7.75000	42.50000	0.50900	83.75000	1.07868	21.99200	2.00000	7.67500	40.00000
B2721-120	2.07500	1.07396	21.39500	3.00000	9.00000	0.00000	0.89500	89.62000	1.07349	23.32600	2.00000	8.92500	5.00000	0.72850	108.88000	1.07244	26.51700	2.50000	9.00000	0.00000	0.47800	93.25000	1.07026	20.39400	2.00000	8.85000	5.00000
B2721-121	2.38750	1.07751	21.41300	2.00000	8.97500	2.50000	0.79950	86.00000	1.08316	21.38500	2.00000	8.85000	12.50000	0.69450	97.63000	1.07452	21.74200	3.00000	9.00000	0.00000	1.00800	93.25000	1.07988	21.02400	3.00000	8.27500	8.27500
B2721-122	2.15830	1.06020	17.78800	1.00000	8.71700	15.20000	1.04250	93.37000	1.07240	20.25700	2.00000	8.95000	2.50000	0.58400	91.88000	1.06625	17.46700	3.00000	9.00000	0.00000	0.68700	93.25000	1.06831	20.49700	2.50000	8.90000	7.50000
B2721-123	2.60000	1.07346	21.60900	1.00000	8.77300	11.40000	1.18250	89.75000	1.08152	22.30600	0.00000	9.00000	0.00000	0.49400	83.00000	1.07203	17.36600	0.00000	8.97500	2.50000	0.86550	85.75000	1.06605	21.46400	2.00000	9.00000	9.00000
B2721-124	1.26670	1.05657	17.96000	2.00000	9.00000	0.00000	0.61250	64.12000	1.05855	18.92000	2.00000	8.77500	5.00000	0.44750	57.75000	1.05936	18.25500	1.00000	9.00000	0.00000	0.38050	87.50000	1.07312	18.56700	1.50000	9.00000	0.00000
B2721-125	1.07500	1.06102	17.84500	1.00000	8.96700	3.30000	0.77700	67.75000	1.07362	19.62500	0.50000	8.95000	5.00000	0.42300	113.25000	1.07459	20.14300	0.00000	9.00000	0.00000	0.32950	90.37500	1.06591	18.15400	1.00000	8.97222	8.97222
B2721-126	1.54000	1.07589	21.59200	1.00000	9.00000	0.00000	0.99950	59.13000	1.07400	20.12700	1.50000	8.95000	5.00000	0.44850	56.13000	1.07058	24.23700	1.00000	9.00000	0.00000	0.44950	85.75000	1.06516	19.35200	2.00000	8.95000	5.00000
B2721-127	1.08330	1.06507	18.17400	3.00000	8.52200	17.40000	0.93000	82.37000	1.06923	19.33900	3.00000	8.57500	25.00000	0.49750	114.88000	1.07109	17.99600	3.00000	9.00000	0.00000	0.36700	98.12500	1.07776	19.19500	3.00000	8.85000	8.85000
B2721-128	1.55000	1.07261	20.60400	2.00000	9.00000	0.00000	0.87250	49.87000	1.07521	19.35200	2.00000	9.00000	0.00000	0.65650	48.88000	1.06845	21.09600	1.50000	8.95000	2.50000	0.68850	83.75000	1.07062	19.17700	2.50000	8.85000	7.50000
B2721-129	2.11670	1.06824	18.97100	2.00000	8.84800	12.10000	1.10250	77.25000	1.07078	20.47600	2.00000	6.45000	62.50000	1.00200	64.63000	1.06548	21.96800	1.50000	8.52500	15.00000	0.61000	91.50000	1.07880	20.10800	3.00000	7.36667	7.36667
B2721-130	1.20000	1.06849	19.78000	0.00000	9.00000	0.00000	0.79900	126.25000	1.08038	21.17300	0.00000	9.00000	0.00000	0.30100	144.00000	1.07244	14.26300	0.00000	9.00000	0.00000	0.36950	100.12500	1.06854	19.53400	1.00000	9.00000	9.00000
B2721-131	2.85830	1.05971	18.32900	2.00000	9.00000	0.00000	1.76850	59.00000	1.07007	20.84800	2.00000	8.75000	22.50000	1.01450	53.25000	1.05840	18.92700	2.00000	8.87500	10.00000	0.96300	82.87500	1.05725	18.35300	2.50000	8.12500	35.00000
B2721-132	1.30000	1.07409	20.52500	2.00000	5.66700	73.30000	0.60660	73.83000	1.07622	21.86200	2.50000	4.97500	90.00000	0.49400	113.38000	1.07929	25.25700	3.00000	8.67500	17.50000	0.26450	93.25000	1.06597	NA	3.00000	4.48421	4.48421
B2721-133	2.83330	1.06535	18.94500	0.00000	8.89500	10.50000	0.93400	55.50000	1.07049	19.91700	2.00000	8.95000	2.50000	0.91000	45.75000	1.05793	15.65800	1.00000	9.00000	0.00000	0.67750	91.50000	1.06179	18.91700	2.00000	8.85000	7.50000
B2721-134	1.98330	1.07356	20.88100	0.00000	9.00000	0.00000	NA	NA	NA	NA	NA	NA	NA	NA	NA	NA	NA	NA	NA	NA	NA	NA	NA	NA	NA	NA	NA
B2721-135	1.83330	1.08095	22.54700	2.00000	8.95200	4.80000	1.33000	53.50000	1.07389	20.41900	1.50000	8.72500	20.00000	0.80650	53.13000	1.06138	20.70100	3.00000	9.00000	0.00000	0.71050	85.75000	1.07236	21.19600	2.50000	8.87500	8.87500
B2721-136	1.85000	1.06332	18.55300	1.00000	9.00000	0.00000	0.81550	75.25000	1.07408	20.49100	1.00000	8.95000	2.50000	0.50450	90.25000	1.07425	24.52500	0.50000	9.00000	0.00000	0.58050	95.25000	1.06426	19.52400	3.00000	8.97500	2.50000
B2721-137	2.19170	1.07286	20.58600	2.00000	9.00000	0.00000	0.91350	69.87000	1.07236	20.80700	2.00000	9.00000	0.00000	0.48100	100.38000	1.06444	18.41200	3.00000	9.00000	0.00000	0.61200	95.25000	1.06883	18.59300	3.00000	8.95000	8.95000
B2721-138	1.49170	1.06893	21.19100	1.00000	8.12100	33.30000	0.83800	48.13000	1.07148	19.96500	2.00000	5.77500	90.00000	0.49950	64.25000	1.06593	17.50400	1.00000	8.92500	7.50000	0.47800	88.62500	1.07061	21.15600	2.50000	7.75000	47.50000
B2721-139	1.66670	1.07607	21.03200	2.00000	8.96200	3.80000	0.72150	64.00000	1.07608	20.26400	1.50000	8.90000	10.00000	0.39800	122.13000	1.07766	19.74700	3.00000	9.00000	0.00000	0.54500	93.25000	1.08061	20.45700	2.00000	8.97500	8.97500
B2721-140	1.95000	1.06043	18.57400	2.00000	9.00000	0.00000	0.80600	86.00000	1.06789	18.72300	1.50000	9.00000	0.00000	0.45650	103.63000	1.06810	22.96200	0.50000	9.00000	0.00000	0.54300	88.62500	1.05888	18.23600	2.50000	8.95000	8.95000
B2721-141	2.77500	1.08085	22.36700	2.00000	9.00000	0.00000	0.98300	108.00000	1.08844	24.13200	1.50000	9.00000	0.00000	0.54650	126.00000	1.08222	22.62300	2.00000	9.00000	0.00000	1.02550	93.25000	1.07258	19.97100	2.50000	8.92500	2.50000
B2721-142	2.04170	1.07441	22.76400	0.00000	6.27000	89.20000	1.08490	54.67000	1.08345	22.53500	0.00000	8.75000	20.00000	0.46350	48.38000	1.07549	22.46300	0.00000	9.00000	0.00000	0.50050	84.87500	1.07500	22.05300	0.50000	8.88676	8.88676
B2721-143	1.30000	1.07928	23.59300	2.00000	8.12500	31.30000	0.52350	77.00000	1.08189	23.14500	1.00000	8.97500	2.50000	0.32500	84.63000	1.07397	25.93600	3.00000	9.00000	0.00000	0.24250	85.75000	1.07742	22.51700	2.50000	8.90000	7.50000
B2721-144	2.70830	1.08673	22.56500	1.00000	8.62900	17.70000	1.17400	67.63000	1.07956	20.89800	1.00000	8.75000	20.00000	0.50150	109.25000	1.08291	15.81500	0.50000	9.00000	0.00000	0.49800	90.37500	1.07288	20.87600	2.50000	8.92500	8.92500
B2721-145	1.95830	1.08248	22.70400	1.00000	9.00000	0.00000	0.91500	97.00000	1.08555	22.48000	0.00000	9.00000	0.00000	0.52800	124.13000	1.08350	19.80500	0.50000	9.00000	0.00000	0.49550	98.12500	1.07759	19.98400	1.00000	9.00000	0.00000
B2721-146	2.75000	1.06978	20.18800	0.00000	8.49100	28.30000	1.17800	97.00000	1.07495	21.55600	0.50000	8.80000	10.00000	0.70250	106.88000	1.07845	21.12300	0.00000	9.00000	0.00000	1.07600	92.37500	1.06947	21.75000	1.50000	8.22500	8.22500
B2721-147	1.30830	1.06538	21.95200	1.00000	9.00000	0.00000	0.76950	86.00000	1.07199	21.38100	1.50000	9.00000	0.00000	0.42250	118.00000	1.07077	20.78000	0.00000	9.00000	0.00000	0.54550	93.25000	1.07021	20.71700	2.00000	9.00000	0.00000
B2721-148	1.35000	1.06798	21.56400	0.00000	8.95800	4.20000	0.24300	97.13000	1.07344	20.53000	0.00000	8.89300	3.60000	0.25600	116.63000	1.07784	19.57400	0.00000	9.00000	0.00000	0.39350	95.25000	1.07042	20.91300	0.00000	8.85000	8.85000
B2721-149	2.80000	1.07086	21.41700	0.00000	8.96100	2.00000	1.19400	68.13000	1.07322	20.06500	0.50000	8.90000	10.00000	0.70850	48.63000	1.06495	18.91900	0.00000	8.97500	2.50000	0.56850	91.50000	1.07108	19.08800	1.50000	8.88676	8.38235
B2721-150	0.57500	1.07624	24.93300	2.00000	9.00000	0.00000	0.39500	89.63000	1.07686	22.13300	2.00000	8.60000	27.50000	0.24750	89.13000	1.07807	21.61700	2.00000	9.00000	0.00000	0.18990	43.75000	1.08090	NA	2.00000	NA	NA
B2721-151	1.84170	1.06918	20.53900	1.00000	8.28600	49.00000	1.35200	68.13000	1.08264	22.23500	1.50000	8.77500	17.50000	0.67000	69.25000	1.06777	18.61800	1.50000	9.00000	0.00000	1.15750	85.75000	1.06763	19.96400	2.00000	8.35000	8.35000
B2721-152	2.68330	1.06856	20.06400	1.00000	9.00000	0.00000	0.84500	93.38000	1.07615	20.62400	0.00000	9.00000	0.00000	0.44450	120.25000	1.07560	20.64500	0.00000	9.00000	0.00000	0.84550	93.25000	1.07323	20.04900	2.00000	9.00000	0.00000
B2721-153	2.06670	1.06466	20.50900	2.00000	9.00000	0.00000	0.70400	85.88000	1.07571	20.93500	1.50000	9.00000	0.00000	0.36150	93.13000	1.07412	17.30100	0.00000	9.00000	0.00000	0.78100	93.25000	1.06946	20.87500	3.00000	8.50000	8.50000
B2721-154	2.09170	1.06872	21.40500	2.00000	8.40000	21.50000	0.88350	59.13000	1.06389	19.79100	1.50000	7.50000	45.00000	0.57950	45.88000	1.05437	15.39600	1.50000	8.57500	17.50000	0.87350	88.62500	1.06387	19.18100	2.50000	7.62500	47.50000
B2721-155	1.92500	1.07090	21.09500	1.00000	9.00000	0.00000	0.73950	118.75000	1.07863	20.34300	0.00000	9.00000	0.00000	0.48350	133.00000	1.07314	19.34900	0.00000	9.00000	0.00000	0.58900	90.37500	1.07080	20.29600	1.00000	9.00000	9.00000
B2721-156	2.37500	1.07547	21.77700	2.00000	8.92900	3.60000	1.15100	69.63000	1.07753	21.58500	1.50000	8.95000	2.50000	0.66900	81.75000	1.06968	20.44100	1.50000	9.00000	0.00000	0.49700	95.25000	1.07306	19.02100	3.00000	8.65000	17.50000
B2721-157	1.53000	1.06592	21.07600	2.00000	8.90900	9.10000	0.46850	53.25000	1.05227	17.39700	1.50000	8.45900	23.30000	0.37050	18.63000	1.04287	18.73900	3.00000	7.75400	49.70000	0.20800	89.50000	1.06708	18.59800	2.00000	8.85317	8.85317
B2721-158	2.94170	1.07683	21.20700	2.00000	7.70300	45.90000	1.21550	73.50000	1.07795	21.54600	1.00000	7.77500	42.50000	0.75100	79.25000	1.07581	22.87000	1.00000	9.00000	0.00000	1.14850	91.50000	1.07761	23.27900	3.00000	6.72500	57.50000
B2721-159	2.01670	1.07566	22.31400	1.00000	8.97100	2.90000	1.08100	82.38000	1.08410	23.34900	1.00000	9.00000	0.00000	0.61600	77.38000	1.07530	17.70800	1.00000	9.00000	0.00000	0.55700	93.25000	1.07901	20.93100	2.50000	9.00000	9.00000
B2721-160	2.31670	1.06238	19.70300	2.00000	8.96400	3.60000	0.71300	74.88000	1.06574	18.33500	2.00000	8.95000	5.00000	0.42700	127.13000	1.06483	21.08100	0.50000	9.00000	0.00000	0.53250	95.25000	1.07218	19.43500	3.00000	8.91154	8.91154
