Prog_157 0.411791 22.622987 11.054283 175.778456
Prog_156 0.677488 20.792584 20.118124 169.940696
Prog_155 0.350415 31.697186 17.749026 255.290174
Prog_76 0.26916 24.22537 10.801935 186.808101
Prog_153 2.476488 25.001391 33.150157 203.50152
Prog_70 1.945019 19.484543 23.050202 153.307534
Prog_151 2.93016 28.172611 39.459487 236.691954
Prog_72 2.115237 23.558088 27.273743 188.701322
Prog_79 0.374957 22.367754 19.286027 189.280639
Prog_78 0.62885 30.016864 26.088741 245.188198
Prog_159 3.295203 24.837089 40.978147 208.496242
Prog_158 0.716968 26.128326 19.482313 220.179702
Prog_17 2.791805 25.565542 51.185163 237.21032
Prog_18 0.411652 29.042409 19.471726 244.451333
Prog_114 2.182289 20.778106 30.813608 179.018314
Prog_168 0.659233 28.092571 20.740556 226.398231
Prog_162 0.288507 29.572679 21.622112 237.029832
Prog_163 2.528061 25.029283 33.93169 194.116197
Prog_160 0.432937 26.285463 18.597102 209.563069
Prog_161 2.895613 30.300212 36.045925 242.716678
Prog_166 0.403379 31.399574 10.433826 243.999292
Prog_167 0.478305 27.951472 22.10785 224.964334
Prog_164 0.538041 27.548929 39.942835 239.521576
Prog_165 0.279959 27.332153 7.607148 206.820971
Prog_63 0.450977 27.353517 19.420098 213.796613
Prog_61 2.75637 24.116867 40.192226 199.531906
Prog_66 0.765075 27.77244 13.926208 208.481667
Prog_67 2.211688 22.572422 35.817007 190.494432
Prog_64 0.858935 26.199127 33.927079 231.001346
Prog_65 1.874601 20.103619 42.552598 178.409404
Prog_69 0.257339 23.436868 10.583399 177.133827
Prog_30 3.50032 32.021452 47.498962 260.498357
Prog_175 0.181636 22.822481 7.475047 177.794599
Prog_174 2.885529 25.988249 37.843962 215.018336
Prog_177 2.469971 23.597285 35.31957 187.854952
Prog_176 2.320391 22.647109 32.794558 196.61927
Prog_171 0.694181 26.043704 24.747366 216.340901
Prog_170 3.19316 26.601768 57.035627 227.471033
Prog_173 2.645653 22.154836 33.768817 176.753904
Prog_172 0.184298 30.531808 14.811734 244.832633
Prog_99 2.343398 21.516803 36.606017 180.616369
Prog_98 0.713204 28.248319 27.827192 232.634592
Prog_96 2.269011 17.38077 37.957962 157.620921
Prog_95 2.098534 22.725879 23.668068 184.285894
Prog_94 2.173246 25.171329 31.671711 208.01474
Prog_93 2.278758 21.434638 29.033985 174.109319
Prog_92 0.344378 27.578634 9.411993 210.635806
Prog_91 0.855818 26.965309 23.188137 227.568993
Prog_90 1.955502 19.667459 27.906436 155.378964
Prog_31 3.607259 29.057921 61.448297 259.391018
Prog_210 2.136768 21.486759 29.36059 179.843424
Prog_33 0.42215 30.943975 20.917226 239.811648
Prog_35 3.195536 27.967686 44.46414 230.538014
Prog_34 0.679197 34.356157 28.706912 283.699812
Prog_37 3.201186 28.057521 52.406022 245.252265
Prog_36 0.62563 20.000882 15.954912 168.571225
Prog_39 0.648039 24.652181 23.717553 216.881568
Prog_38 4.194351 27.219795 62.027746 237.675453
Prog_212 2.473895 20.700431 43.815835 178.091458
Prog_213 0.0 0.0 0.0 0.0
Prog_214 0.637976 26.489546 23.653135 223.288976
Prog_215 0.685965 25.613557 19.923841 211.477525
Prog_180 0.435568 26.543374 22.111242 230.98038
Prog_181 0.407398 29.696249 10.357091 224.604772
Prog_182 4.412003 31.394989 64.939711 271.277014
Prog_183 0.433042 24.293388 17.000362 191.248094
Prog_184 3.296779 29.010385 50.139422 237.409964
Prog_185 2.587674 24.444677 48.685987 210.497418
Prog_186 0.535408 28.387994 16.725701 225.23181
Prog_187 0.693566 25.536707 21.650218 217.540999
Prog_188 0.613429 28.103687 26.404251 234.985244
Prog_189 0.0 13.542292 0.0 118.364265
Prog_108 2.016703 18.074439 31.076682 152.769898
Prog_109 2.773765 23.810961 38.283439 194.584183
Prog_88 0.769286 24.201549 20.024045 196.614549
Prog_89 0.65341 22.926334 11.613828 180.323552
Prog_100 2.174535 23.206329 28.581043 188.25422
Prog_85 0.434887 27.773534 16.64657 228.004454
Prog_86 3.13481 23.912719 46.001609 206.002651
Prog_87 2.148888 21.935478 28.287051 180.770117
Prog_104 0.298906 23.940964 21.60968 199.950114
Prog_105 2.022896 19.361701 30.986295 163.234955
Prog_106 2.61426 24.178805 29.230716 196.055009
Prog_107 2.448016 23.935831 39.272462 201.564547
Prog_28 0.855069 31.03633 24.861491 266.421581
Prog_29 1.001828 35.11981 34.349435 298.502127
Prog_26 0.645158 34.660371 41.93391 290.999919
Prog_27 0.369362 20.329815 24.78659 174.157641
Prog_24 0.812329 32.415049 29.318513 271.889465
Prog_25 0.671558 23.29943 27.653823 201.040641
Prog_22 3.453619 31.149837 62.712561 269.205199
Prog_23 1.263174 31.635647 58.074398 294.428157
Prog_20 3.706664 27.317461 68.943288 253.917155
Prog_21 0.726451 27.507389 36.961425 237.382502
Prog_193 3.139735 26.066424 38.315922 212.837048
Prog_192 2.827406 26.228727 44.453047 224.809383
Prog_191 2.122103 24.162861 46.045113 217.060579
Prog_190 0.704342 20.127795 11.593121 155.966108
Prog_197 3.305935 28.250864 36.09907 229.200039
Prog_196 0.765243 20.657599 11.6332 164.628411
Prog_195 0.498097 21.811925 10.544896 172.658251
Prog_194 0.864205 25.886744 26.196314 216.762736
Prog_199 3.763004 24.65261 47.193871 203.361878
Prog_198 0.344174 29.75044 19.125208 232.658932
Prog_77 0.577615 24.071143 15.508491 187.104473
Prog_119 3.890019 28.514218 77.132495 260.798309
Prog_118 3.380281 31.983011 43.039944 261.633888
Prog_113 0.340145 22.551662 19.653122 200.680146
Prog_71 1.731946 17.388072 20.810388 139.170585
Prog_111 0.090431 22.466585 6.138946 169.742087
Prog_110 2.645496 24.429022 36.801882 203.595951
Prog_117 2.25231 22.982756 28.411666 185.209965
Prog_116 0.286666 22.827489 13.093128 180.01301
Prog_115 2.35929 23.462271 33.861704 187.150239
Prog_152 0.487131 23.03198 9.826221 180.442186
Prog_59 0.712516 32.140729 32.040867 275.044577
Prog_58 0.756511 26.449009 19.969281 210.525666
Prog_73 0.558154 26.156442 32.428699 223.311797
Prog_53 3.259613 24.503423 42.733026 210.211732
Prog_52 2.398322 22.749487 35.391473 184.00238
Prog_51 2.617705 19.078729 36.231275 171.09364
Prog_50 0.771289 27.623457 18.448367 219.477598
Prog_55 2.645812 21.967879 34.026992 180.302168
Prog_54 4.0306 26.454759 48.56918 221.115305
Prog_112 0.357097 21.319441 11.091153 168.344085
Prog_203 2.218638 25.674928 24.917104 203.680065
Prog_202 0.564597 25.2774 21.337243 203.195844
Prog_201 2.728961 27.918548 43.016423 231.370236
Prog_200 0.361209 31.297936 15.354558 241.575732
Prog_207 0.757722 23.163513 18.585656 197.367643
Prog_206 3.055091 27.879545 40.698978 231.49005
Prog_205 2.392831 25.034146 35.189874 210.30523
Prog_204 2.343645 21.901782 30.396071 182.93409
Prog_209 0.321391 7.006534 5.653928 58.615082
Prog_208 2.367618 24.37855 34.785418 197.744472
Prog_211 0.483871 27.166343 12.094225 219.892082
Prog_128 0.440277 29.599047 12.108851 240.514725
Prog_129 0.280197 28.762473 17.646867 232.863852
Prog_127 3.649542 29.031587 52.364018 250.918828
Prog_124 3.298508 30.068125 42.549775 251.347534
Prog_125 0.224902 28.622873 8.324583 214.965497
Prog_122 0.645425 29.414042 30.354651 255.634253
Prog_123 0.436615 30.604064 13.58857 243.596859
Prog_120 4.11432 30.635646 54.752084 260.596209
Prog_121 3.137422 28.760253 47.611552 249.594109
Prog_48 0.897321 30.865203 33.618674 259.999354
Prog_49 0.624974 33.774769 23.976683 263.602931
Prog_40 3.39344 22.553554 60.559388 204.945625
Prog_41 0.503 28.560471 21.457486 238.220704
Prog_42 3.490191 29.127772 65.880308 264.624759
Prog_43 1.051895 32.631263 34.006958 274.915525
Prog_44 0.604093 25.451402 19.22689 211.845021
Prog_45 0.551613 28.507924 29.195449 239.322129
Prog_46 3.58243 29.613348 60.555565 256.50549
Prog_47 0.832731 22.942184 29.887889 208.083024
Prog_150 0.540193 28.422484 12.99627 231.619269
Prog_131 0.0 24.563463 0.0 195.063688
Prog_130 0.606552 33.198812 23.930293 277.327726
Prog_133 0.515815 27.075515 18.92966 218.389501
Prog_132 0.68414 31.834513 18.285121 248.410319
Prog_135 0.382765 29.216318 37.16297 255.690642
Prog_134 5.020171 31.049735 57.061197 253.897998
Prog_137 0.210611 28.323636 19.387185 220.345384
Prog_136 4.181054 27.643073 65.315227 247.00053
Prog_139 2.599778 23.902501 39.956136 200.816976
Prog_84 0.260748 27.853858 19.469904 220.020002
Prog_101 2.939017 21.571582 50.964377 195.982436
Prog_102 0.091354 26.275651 10.707157 203.286145
Prog_103 0.376096 20.454205 16.078324 166.74312
Prog_80 2.669099 27.084099 34.487641 221.101499
Prog_81 0.973412 26.718461 22.550534 219.493549
Prog_144 0.672991 26.826227 32.813755 234.098194
Prog_145 2.647517 25.329833 58.457827 227.531004
Prog_146 0.59301 32.001647 15.567556 247.23211
Prog_147 3.347115 25.958657 52.133942 225.751579
Prog_140 2.880568 23.353616 41.952972 198.862953
Prog_141 0.20006 22.72161 20.690022 189.141837
Prog_142 0.078583 29.073943 14.901348 228.085733
Prog_83 0.691262 23.011153 22.649984 188.980727
Prog_148 3.257926 25.690818 46.86107 218.669841
