IACSP95-3018 1.660366 11.061811 8.934598 77.008147
IACSP95-3018 1.983131 13.320872 11.42916 100.418495
IACSP95-3018 2.916954 18.935732 16.998821 126.690232
IACSP95-3018 2.797699 18.854562 17.416439 133.560196
IACSP95-3018 1.633161 10.346916 10.206713 78.915956
IACSP95-3018 3.027972 17.502263 17.033563 131.151023
IACSP95-3018 2.188653 13.867036 13.605345 106.784245
IACSP95-3018 2.949787 19.606129 17.686211 137.374231
IACSP95-3018 2.819517 19.503743 16.098554 140.294323
IACSP95-3018 2.334043 14.755107 14.183238 111.332468
IACSP95-3018 3.181625 20.170268 19.830454 145.70673
IACSP95-3018 1.870034 11.064252 11.619308 79.877242
IACSP93-3046 0.0 20.068055 0.0 140.804102
IACSP93-3046 0.0 21.303357 0.0 153.050595
IACSP93-3046 0.0 15.719872 0.0 124.744714
IACSP93-3046 0.0 20.948987 0.0 146.873818
IACSP93-3046 0.0 20.012066 0.0 148.465111
IACSP93-3046 0.0 15.250579 0.0 113.653674
IACSP93-3046 0.0 19.831591 0.0 145.602546
IACSP93-3046 0.0 15.394364 0.0 113.138312
IACSP93-3046 0.0 12.143136 0.0 96.773119
IACSP93-3046 0.0 22.096951 0.0 166.636383
IACSP93-3046 0.0 20.016153 0.0 143.574272
IACSP93-3046 0.0 20.03369 0.0 151.98491
