Prog_157 7.487057 40.632103 84.899898 322.560764
Prog_156 5.628462 36.865673 62.283919 295.981937
Prog_155 7.147106 43.970343 86.728591 382.027499
Prog_76 5.546096 32.223255 55.887165 247.971699
Prog_153 6.116596 38.827341 57.383014 302.043764
Prog_70 0.583087 45.471813 13.480371 339.603105
Prog_151 3.884573 27.475284 40.580485 214.015518
Prog_72 8.798343 47.422831 88.787447 372.755777
Prog_79 6.48714 35.169027 73.744702 288.148366
Prog_78 0.863303 34.9061 17.111763 269.405312
Prog_159 7.036884 39.777076 73.780425 327.261583
Prog_158 0.891562 37.811741 29.263759 300.65636
Prog_17 7.653151 43.652657 85.659098 346.825985
Prog_18 7.604839 44.550562 89.222187 388.736292
Prog_114 0.614316 35.041123 16.022339 258.565349
Prog_168 4.357321 28.810911 45.714095 231.942428
Prog_162 7.873686 41.655786 76.608845 317.84166
Prog_163 0.835413 40.344965 18.211879 310.710507
Prog_160 5.07031 29.359959 53.524243 229.787586
Prog_161 6.369837 38.406249 61.242385 299.079809
Prog_166 5.339519 35.403731 54.155234 276.681198
Prog_167 5.769889 39.672091 56.506893 306.551739
Prog_164 0.552809 45.903919 24.949816 371.181488
Prog_165 6.874947 35.82116 78.340966 287.595817
Prog_63 0.364669 33.139876 10.423353 246.01813
Prog_61 4.262352 28.978208 50.522379 239.941236
Prog_66 5.906856 36.490048 66.189871 290.603928
Prog_67 1.614918 53.93437 32.800201 441.579053
Prog_64 1.371097 47.224995 30.106998 382.751106
Prog_65 0.84137 36.939087 19.021345 281.145328
Prog_69 7.533777 47.687515 75.124723 375.239238
Prog_30 1.547574 50.935604 58.623128 436.486979
Prog_175 6.715443 39.70833 86.584123 328.116812
Prog_174 0.369124 23.293622 9.561836 181.856824
Prog_177 0.332229 29.085154 12.075278 225.661442
Prog_176 0.813761 43.761298 26.764173 337.259106
Prog_171 5.95064 32.848763 57.91217 266.562493
Prog_170 2.544542 12.781957 25.811632 103.531688
Prog_173 6.462308 42.197047 73.276272 342.69144
Prog_172 6.413107 39.17306 65.994822 316.012715
Prog_99 2.989493 15.733074 34.153893 125.406526
Prog_98 0.495734 38.747547 8.881124 283.387959
Prog_96 5.397381 31.56282 54.730265 252.782171
Prog_95 6.948389 29.252179 68.321636 227.885074
Prog_94 6.618125 37.157178 63.893013 294.891421
Prog_93 0.6852 40.618498 8.856167 290.907598
Prog_92 3.914221 24.365157 43.151255 196.367957
Prog_91 2.902155 14.215647 30.138484 113.074112
Prog_90 0.715212 47.648177 18.509086 368.782912
Prog_31 4.210554 27.104552 44.134462 213.07609
Prog_210 4.636179 26.543536 45.100621 203.522043
Prog_33 0.714079 0.697373 3.428603 3.344293
Prog_35 8.494053 45.533372 96.479254 382.567818
Prog_34 8.974503 46.647401 95.80479 380.560962
Prog_37 10.544107 46.642059 119.400265 394.13212
Prog_36 0.715562 50.945451 19.007774 372.830232
Prog_39 6.984165 41.882504 68.151075 335.102145
Prog_38 0.752536 40.534857 15.677237 307.823003
Prog_212 7.076505 36.264945 78.982838 306.525984
Prog_213 9.366152 40.23589 116.517604 356.580626
Prog_214 0.575338 31.298367 15.272698 241.846246
Prog_215 5.27607 30.375709 53.651762 239.591039
Prog_180 5.201625 30.517375 49.810322 236.997437
Prog_181 7.601894 43.596109 71.863278 341.439116
Prog_182 0.412725 25.12271 11.269368 185.703119
Prog_183 3.898155 25.829569 38.006653 203.401703
Prog_184 0.406068 26.251531 15.205666 205.818888
Prog_185 7.115148 43.485575 72.443347 326.406402
Prog_186 7.543827 31.834851 73.71189 254.268457
Prog_187 3.265203 15.667693 29.006109 120.111587
Prog_188 0.211508 11.541732 9.587305 99.802092
Prog_189 4.368158 27.057374 46.082469 205.512532
Prog_108 6.041232 33.463046 70.531199 278.45838
Prog_109 0.514499 34.860718 13.289133 263.057743
Prog_88 6.710912 36.278225 76.931522 290.485579
Prog_89 0.451554 29.122341 10.351246 218.083391
Prog_100 1.195012 49.898779 24.137638 396.810676
Prog_85 0.629569 40.281355 17.522229 298.574387
Prog_86 1.038641 46.585894 18.292239 354.423216
Prog_87 6.137451 36.918404 57.70521 289.744053
Prog_104 0.467158 41.40567 15.942763 305.048942
Prog_105 0.762052 45.058841 21.586312 352.290988
Prog_106 0.473613 35.916279 7.89551 270.219563
Prog_107 0.534741 29.076683 10.016473 212.344065
Prog_28 7.088219 35.222252 85.883982 299.015768
Prog_29 1.304456 36.580048 25.703227 296.658466
Prog_26 5.466242 34.973034 64.391897 280.244211
Prog_27 8.012316 43.823636 77.217278 344.689193
Prog_24 7.339463 45.805253 90.227044 378.322062
Prog_25 0.597318 37.58418 25.956575 301.862474
Prog_22 8.104808 40.621456 80.415373 328.656013
Prog_23 6.285481 34.431132 71.363285 272.411616
Prog_20 8.846568 38.130353 97.106964 330.261639
Prog_21 5.960546 44.116402 82.252377 369.84298
Prog_193 1.0002 51.730971 26.206232 398.020024
Prog_192 3.368074 21.08644 30.888638 162.286099
Prog_191 6.625736 36.302846 85.530414 317.586754
Prog_190 5.597232 34.973508 57.128569 280.764203
Prog_197 6.678739 39.82753 78.009549 324.478115
Prog_196 5.233037 27.144609 45.882646 206.375716
Prog_195 7.359925 47.401489 85.335533 397.859256
Prog_194 4.471073 25.459706 46.913517 206.711836
Prog_199 5.740155 34.648393 66.321722 276.429879
Prog_198 6.276262 33.191161 69.570206 264.726158
Prog_77 4.098439 23.528716 40.161836 186.127981
Prog_119 0.53171 37.098351 11.129225 274.373322
Prog_118 0.33876 32.733915 6.087908 238.948715
Prog_113 8.357174 47.546477 79.192296 367.945815
Prog_71 5.650458 37.867398 65.897865 305.251626
Prog_111 5.834157 28.533851 58.615895 232.359474
Prog_110 6.750417 39.101296 80.070474 313.747479
Prog_117 0.653411 42.491081 21.028447 324.373028
Prog_116 0.509677 29.446089 18.531724 234.74763
Prog_115 0.0 28.444853 0.0 217.631838
Prog_152 5.003308 32.291609 61.952834 270.09351
Prog_59 6.580992 42.177817 77.351494 330.464396
Prog_58 5.620221 37.838391 60.307122 303.247362
Prog_73 6.124843 37.397361 59.756281 298.202285
Prog_53 5.740965 38.615201 67.253658 310.813351
Prog_52 7.073407 45.575646 77.245187 379.481619
Prog_51 1.203157 52.756015 17.958178 376.781831
Prog_50 0.664393 40.875986 14.801636 307.799495
Prog_55 4.094206 26.751002 41.517662 217.965317
Prog_54 7.391588 37.112266 75.439064 310.902707
Prog_112 0.660684 29.784841 13.704285 214.060751
Prog_203 5.27444 29.561075 54.005772 238.97545
Prog_202 3.874672 20.937019 39.484448 167.37236
Prog_201 1.972572 47.184553 30.106699 365.461502
Prog_200 3.329598 26.202525 42.562575 215.670367
Prog_207 3.238865 19.80184 33.075277 158.376276
Prog_206 5.529243 29.213327 67.5997 247.827769
Prog_205 0.956765 52.197262 31.593607 413.963885
Prog_204 7.17812 35.088539 80.416123 292.784445
Prog_209 4.545686 34.790341 44.048586 272.876923
Prog_208 6.10456 32.301224 71.353313 258.510401
Prog_211 5.358856 29.872921 58.536912 244.054077
Prog_128 4.681799 30.991208 47.28158 242.443735
Prog_129 7.112519 47.712635 82.520259 408.385351
Prog_127 7.220845 42.779324 90.131217 349.309617
Prog_124 7.311393 39.221936 77.821235 328.356615
Prog_125 6.535096 43.034542 66.424782 323.538193
Prog_122 7.067015 38.589734 70.65139 319.490684
Prog_123 7.150139 41.599704 81.582739 327.569557
Prog_120 7.227672 45.193161 91.450521 371.337072
Prog_121 7.737732 39.472961 85.276681 330.336649
Prog_48 7.561714 49.032472 82.699999 397.246818
Prog_49 7.433757 40.747485 80.978701 336.739015
Prog_40 8.536573 50.443333 89.817023 397.648169
Prog_41 5.411992 37.658532 64.808927 298.39166
Prog_42 6.897674 38.770287 82.135623 313.20113
Prog_43 7.218649 35.78098 68.989322 281.630677
Prog_44 5.076366 31.589355 53.034083 256.805488
Prog_45 10.181785 42.100508 104.814104 336.52422
Prog_46 2.099737 44.266783 51.358586 369.627307
Prog_47 5.013955 37.606281 50.101914 295.262739
Prog_150 10.168675 50.670387 109.169605 422.722456
Prog_131 0.932106 49.89362 28.016156 401.87152
Prog_130 8.886904 40.458973 95.513375 322.563945
Prog_133 6.119116 33.026565 70.8193 266.599114
Prog_132 7.40822 42.817414 78.631414 342.577021
Prog_135 6.837697 41.410392 68.441337 324.74217
Prog_134 5.808301 42.43332 72.275108 343.83331
Prog_137 0.590575 33.661932 22.031616 268.37802
Prog_136 6.896582 40.472408 67.909635 313.071176
Prog_139 5.549388 41.036959 60.713163 316.632009
Prog_84 7.043894 46.172863 75.691896 376.660835
Prog_101 6.397711 34.015421 65.198741 274.517558
Prog_102 6.702391 35.31426 69.226747 282.439165
Prog_103 0.565742 38.545266 15.851974 302.937717
Prog_80 0.505814 29.632934 13.559812 234.565882
Prog_81 6.513121 35.910735 67.821704 277.627608
Prog_144 4.195293 22.928468 42.260666 181.291011
Prog_145 0.469458 38.123773 15.910469 284.831706
Prog_146 7.305077 44.103601 71.124414 346.173854
Prog_147 5.411844 32.209464 70.713033 273.826225
Prog_140 8.097366 43.544751 86.255692 351.418526
Prog_141 1.644998 46.435134 28.304194 356.721872
Prog_142 7.888111 47.86484 82.747678 379.89038
Prog_83 0.991775 41.494288 20.012702 308.637225
Prog_148 6.156357 35.833157 67.466873 280.508616
