Prog_157 0.0 36.507524 0.0 315.691463
Prog_156 3.961325 29.099727 31.628455 247.093711
Prog_155 3.112591 22.39764 22.744851 182.650927
Prog_76 0.0 47.735767 0.0 398.367813
Prog_153 6.091249 43.687533 42.185065 375.081886
Prog_70 0.0 32.21702 0.0 265.980456
Prog_151 0.0 27.395321 0.0 236.766098
Prog_72 2.809176 25.501654 19.426942 221.130703
Prog_79 4.949135 50.05054 38.214082 434.850983
Prog_78 0.0 41.818271 0.0 365.302288
Prog_159 0.0 49.738062 0.0 437.289813
Prog_158 4.758734 36.951459 35.925594 334.746297
Prog_17 6.436506 44.863259 51.167364 392.1616
Prog_18 3.627526 30.852417 27.903742 272.164975
Prog_114 8.261287 48.123839 67.482763 420.896418
Prog_168 6.343995 38.026857 43.203482 344.049731
Prog_162 5.273059 37.559224 37.725069 325.764263
Prog_163 0.0 42.402831 0.0 365.553054
Prog_160 0.0 47.631093 0.0 395.500195
Prog_161 0.0 52.410232 0.0 469.702485
Prog_166 5.664802 38.556214 37.701345 316.458872
Prog_167 0.0 51.949298 0.0 452.711737
Prog_164 7.747156 53.693282 52.195974 449.355702
Prog_165 0.0 35.210254 0.0 295.320386
Prog_63 0.0 34.590796 0.0 275.923838
Prog_61 0.0 43.433231 0.0 366.840868
Prog_66 5.055356 32.103741 29.91851 264.529948
Prog_67 2.056425 29.177759 14.081735 251.425731
Prog_64 4.541803 35.16682 35.015304 294.737666
Prog_65 3.713281 31.19247 22.587018 259.155686
Prog_69 5.711918 51.633012 43.347938 443.137332
Prog_30 3.030909 22.63394 20.740423 195.055578
Prog_175 8.801074 49.950993 68.755567 435.202478
Prog_174 0.0 37.612615 0.0 318.881672
Prog_177 3.859094 26.055521 26.428449 225.365338
Prog_176 2.139536 16.13279 14.634089 143.405824
Prog_171 0.0 33.603753 0.0 295.819992
Prog_170 2.460877 24.961364 18.004962 212.986854
Prog_173 0.0 34.355869 0.0 289.184651
Prog_172 2.749798 23.989366 19.266411 215.276589
Prog_99 2.566781 26.399277 16.029694 224.311549
Prog_98 0.677212 8.006564 4.611307 71.013532
Prog_96 0.0 24.984176 0.0 213.256761
Prog_95 0.0 30.115195 0.0 244.914519
Prog_94 0.0 28.804143 0.0 239.163078
Prog_93 0.0 29.338236 0.0 240.075592
Prog_92 5.526819 35.185066 40.390602 311.150339
Prog_91 0.0 29.025176 0.0 237.014973
Prog_90 3.814834 31.45894 27.746245 254.818477
Prog_31 7.114993 50.283514 52.706664 422.619738
Prog_210 0.0 51.31962 0.0 420.715927
Prog_33 5.991005 44.670249 43.132349 390.607549
Prog_35 0.0 53.07239 0.0 454.1826
Prog_34 0.0 42.271053 0.0 368.129752
Prog_37 7.847206 47.49235 59.402156 393.654735
Prog_36 4.452006 28.878015 31.70343 243.664203
Prog_39 7.93071 55.684055 67.039179 460.326148
Prog_38 10.945686 52.990068 79.813244 419.496174
Prog_212 5.143192 40.707922 39.701079 340.897613
Prog_213 2.357715 21.699287 15.471788 178.307062
Prog_214 6.308232 43.84994 49.354083 382.925747
Prog_215 5.264472 37.337096 39.437153 319.554582
Prog_180 0.0 56.532873 0.0 493.236586
Prog_181 4.295133 29.148989 28.47368 234.260329
Prog_182 0.0 43.929153 0.0 366.100552
Prog_183 5.999515 39.578555 39.901323 335.913863
Prog_184 7.329577 44.598813 54.55792 383.244078
Prog_185 0.0 48.475602 0.0 429.134434
Prog_186 5.056464 35.450898 38.459147 292.465732
Prog_187 0.0 33.914374 0.0 287.280814
Prog_188 4.611431 35.627187 36.564621 310.063766
Prog_189 0.0 48.849498 0.0 400.119172
Prog_108 0.0 38.321616 0.0 332.843212
Prog_109 2.531147 17.876695 17.968414 142.869036
Prog_88 4.53155 36.613368 33.715804 311.43356
Prog_89 4.989185 37.094014 40.157694 336.813502
Prog_100 2.848135 26.172864 19.88135 210.530899
Prog_85 0.0 35.024878 0.0 285.899568
Prog_86 7.034736 55.769709 54.845784 478.534698
Prog_87 4.188988 31.791581 40.615873 280.635862
Prog_104 5.601183 40.396037 42.414666 341.950015
Prog_105 3.748541 37.436081 30.077834 318.731809
Prog_106 5.764844 38.944007 44.926423 317.566602
Prog_107 3.919812 31.300659 26.816006 272.78217
Prog_28 0.0 49.656262 0.0 422.478502
Prog_29 0.0 44.300575 0.0 387.166829
Prog_26 5.678045 43.331577 44.228684 391.303794
Prog_27 4.07392 30.162123 27.192132 230.972022
Prog_24 6.862006 40.369985 46.362454 348.34463
Prog_25 7.602746 46.940562 58.953714 417.256045
Prog_22 0.0 52.363341 0.0 471.044075
Prog_23 0.0 44.491383 0.0 387.766313
Prog_20 2.126193 51.591056 13.343465 455.152317
Prog_21 6.207676 37.573901 44.858725 336.175227
Prog_193 0.0 42.13647 0.0 347.444964
Prog_192 0.0 28.448756 0.0 228.207998
Prog_191 3.93952 33.630755 28.085955 280.706589
Prog_190 0.0 41.425145 0.0 343.445271
Prog_197 0.0 61.035692 0.0 498.061616
Prog_196 0.0 46.086614 0.0 410.366001
Prog_195 6.010981 38.666239 44.922853 325.268504
Prog_194 0.0 55.955893 0.0 460.892713
Prog_199 5.885011 42.657916 39.057866 354.910042
Prog_198 0.0 55.958281 0.0 469.087115
Prog_77 0.0 45.504721 0.0 385.179189
Prog_119 0.0 60.221525 0.0 529.293069
Prog_118 7.575433 46.830638 54.46154 390.940371
Prog_113 3.471318 25.257211 24.241089 207.376845
Prog_71 0.0 46.849961 0.0 429.203332
Prog_111 4.10436 31.626914 30.62084 276.888752
Prog_110 5.140273 30.395702 38.207846 261.818582
Prog_117 4.3321 36.824643 31.164394 304.769656
Prog_116 0.0 31.506567 0.0 257.214481
Prog_115 0.0 31.521812 0.0 276.399663
Prog_152 4.583268 32.069366 28.583891 258.423245
Prog_59 5.824912 47.65019 44.620691 392.548193
Prog_58 4.808146 37.848191 37.710748 330.705247
Prog_73 5.72334 49.171312 45.623337 429.163406
Prog_53 0.0 44.539065 0.0 391.842688
Prog_52 5.847553 35.839287 46.180416 304.574061
Prog_51 6.975497 45.681844 55.380998 394.320437
Prog_50 2.839408 24.803861 21.044081 232.605336
Prog_55 0.0 38.06832 0.0 331.233166
Prog_54 4.782569 39.027555 34.921611 324.309753
Prog_112 0.0 38.880894 0.0 335.80005
Prog_203 0.0 51.822091 0.0 424.432895
Prog_202 7.569302 47.263094 54.833073 414.784114
Prog_201 5.624416 37.980456 39.635999 318.881554
Prog_200 0.0 51.194273 0.0 421.177935
Prog_207 4.558034 40.171855 31.348027 346.715245
Prog_206 3.476252 33.628834 28.69197 299.325802
Prog_205 0.0 44.164385 0.0 351.5078
Prog_204 6.602208 44.289866 48.2936 370.17179
Prog_209 0.0 47.873291 0.0 402.269787
Prog_208 5.957767 41.389641 40.58923 340.092308
Prog_211 0.0 42.828743 0.0 358.611994
Prog_128 0.0 54.311323 0.0 478.997549
Prog_129 6.025 40.735304 47.419353 357.855344
Prog_127 5.359772 40.090443 40.48814 340.151435
Prog_124 0.0 41.761768 0.0 346.75327
Prog_125 0.0 52.774236 0.0 479.866302
Prog_122 6.308735 45.809451 46.702331 439.235413
Prog_123 0.0 42.565748 0.0 355.518279
Prog_120 0.0 59.270743 0.0 515.832903
Prog_121 9.035274 48.834021 66.187529 410.444094
Prog_48 6.697983 44.515581 50.113419 378.126437
Prog_49 0.0 43.820786 0.0 368.88681
Prog_40 5.922909 37.840685 45.994121 338.333016
Prog_41 5.104814 45.786339 35.807978 406.411084
Prog_42 4.27073 32.971713 31.94239 286.574934
Prog_43 0.0 38.818494 0.0 327.96435
Prog_44 0.0 39.539129 0.0 361.522094
Prog_45 5.211304 43.085395 40.487309 377.655022
Prog_46 6.676036 50.285698 45.569353 425.567063
Prog_47 8.086868 57.478511 53.519423 477.029682
Prog_150 0.0 52.969473 0.0 441.545586
Prog_131 0.0 54.324268 0.0 464.561756
Prog_130 2.961034 20.627134 19.41916 189.286041
Prog_133 7.44465 40.84871 49.842966 338.569104
Prog_132 7.131272 50.851491 56.260486 444.949118
Prog_135 0.0 54.550887 0.0 486.410864
Prog_134 0.0 43.133921 0.0 353.735221
Prog_137 0.0 34.023666 0.0 298.098545
Prog_136 9.384268 61.774062 63.870659 508.273843
Prog_139 6.975588 51.858489 52.145727 442.700488
Prog_84 3.698496 30.054566 25.609338 268.210459
Prog_101 0.0 42.860282 0.0 386.260167
Prog_102 6.72477 36.800211 46.581142 297.149771
Prog_103 0.0 30.195716 0.0 248.48338
Prog_80 0.0 41.141402 0.0 362.634481
Prog_81 5.408346 29.992036 39.136584 266.12555
Prog_144 6.939888 55.493762 47.615126 474.661359
Prog_145 0.0 51.359802 0.0 419.595207
Prog_146 0.0 51.797042 0.0 433.136632
Prog_147 3.907821 36.861521 29.923333 307.201494
Prog_140 0.0 42.772181 0.0 376.789468
Prog_141 4.219263 38.220635 28.62985 344.460848
Prog_142 6.105047 39.880137 45.483528 338.100212
Prog_83 0.999527 19.507058 5.828562 165.306772
Prog_148 7.640559 47.768478 48.183732 404.549228
