IACSP95-3018 23.210047 0.0 164.39349 0.0
IACSP95-3018 16.106138 0.0 112.896417 0.0
IACSP95-3018 18.843229 0.0 126.422459 0.0
IACSP95-3018 19.580439 0.0 133.176005 0.0
IACSP95-3018 29.145726 0.0 207.28516 0.0
IACSP95-3018 25.633881 0.0 171.915932 0.0
IACSP95-3018 28.027542 0.0 188.934549 0.0
IACSP95-3018 21.233399 0.0 149.561184 0.0
IACSP95-3018 22.743128 0.0 154.304251 0.0
IACSP95-3018 24.355977 0.0 167.324595 0.0
IACSP95-3018 20.947352 0.0 135.418627 0.0
IACSP95-3018 22.34652 0.0 149.150271 0.0
IACSP93-3046 21.444406 3.462085 160.001178 33.724012
IACSP93-3046 23.431417 3.89601 164.753182 34.100382
IACSP93-3046 22.973121 4.059735 155.011077 33.902087
IACSP93-3046 23.828862 4.414981 165.26831 39.565522
IACSP93-3046 24.078941 4.037854 162.022923 34.823782
IACSP93-3046 17.464221 3.165322 118.236336 30.992119
IACSP93-3046 22.524867 3.977756 143.27884 34.564353
IACSP93-3046 21.065643 3.718762 148.057894 30.682894
IACSP93-3046 22.942606 4.029632 152.089694 31.978422
IACSP93-3046 25.767833 4.335161 183.469473 37.779578
IACSP93-3046 28.342075 5.213315 189.938896 46.703804
IACSP93-3046 22.860744 4.072103 154.858858 33.857451
