IACSP95-3018 0.0 0.0 0.0 0.0
IACSP95-3018 7.310422 25.484461 46.808435 199.895082
IACSP95-3018 10.220104 26.226777 68.536136 231.872433
IACSP95-3018 4.759516 18.963472 34.781178 150.372935
IACSP95-3018 5.298912 26.59749 35.282652 206.815204
IACSP95-3018 6.186089 26.760024 43.625238 225.634218
IACSP95-3018 5.69436 21.978001 37.121008 171.471886
IACSP95-3018 3.592132 20.239016 23.817978 160.092026
IACSP95-3018 6.780901 21.534588 46.229247 173.175324
IACSP95-3018 3.94322 26.478174 26.26391 217.605647
IACSP95-3018 8.961058 28.792908 60.174001 230.699058
IACSP95-3018 5.444191 23.442026 36.949396 185.489215
IACSP93-3046 0.0 39.25467 0.0 315.55502
IACSP93-3046 0.0 37.98214 0.0 298.487964
IACSP93-3046 0.0 21.754864 0.0 175.965938
IACSP93-3046 0.0 33.596678 0.0 253.495368
IACSP93-3046 0.0 28.810855 0.0 231.692114
IACSP93-3046 0.0 40.005651 0.0 318.645847
IACSP93-3046 0.0 28.564076 0.0 241.478087
IACSP93-3046 0.0 19.160088 0.0 165.176912
IACSP93-3046 0.0 31.021147 0.0 254.076743
IACSP93-3046 0.0 35.139963 0.0 311.084919
IACSP93-3046 0.0 35.136574 0.0 288.989173
IACSP93-3046 0.0 35.697234 0.0 276.291123
