IACSP95-3018 29.237127 2.669808 237.830748 25.409536
IACSP95-3018 23.592773 3.092989 181.566376 28.764496
IACSP95-3018 25.939339 2.859223 213.651263 24.771777
IACSP95-3018 16.686437 1.943468 130.15668 17.115805
IACSP95-3018 17.659445 2.934482 137.35171 27.68804
IACSP95-3018 36.892329 6.742307 298.504476 60.982858
IACSP95-3018 34.056744 3.54154 274.618592 27.28659
IACSP95-3018 34.423736 4.347733 281.055177 37.041452
IACSP95-3018 37.664715 4.95969 294.855172 37.775189
IACSP95-3018 16.383205 2.644358 123.450619 22.521679
IACSP95-3018 20.490179 2.387458 166.45816 24.921373
IACSP95-3018 23.712774 3.14888 192.984238 30.322324
IACSP93-3046 23.296631 1.036384 185.579395 8.029759
IACSP93-3046 44.927081 1.572275 352.719918 10.525204
IACSP93-3046 20.560181 0.808529 163.458978 8.260635
IACSP93-3046 26.402103 1.239463 209.421739 12.979053
IACSP93-3046 30.359846 1.463821 244.24782 10.831893
IACSP93-3046 28.810768 1.222121 232.852705 11.067386
IACSP93-3046 13.493602 0.0 113.398528 0.0
IACSP93-3046 25.023259 0.860803 191.119776 5.751538
IACSP93-3046 30.234596 0.937676 250.125235 4.085186
IACSP93-3046 27.269879 1.121787 205.132905 6.496491
IACSP93-3046 27.031504 1.154742 214.506152 11.61953
IACSP93-3046 20.822875 0.846363 169.738778 9.541899
