Prog_157 2.08721 26.035529 17.034837 212.110145
Prog_156 2.40238 23.923887 18.64076 185.272504
Prog_155 1.824966 23.049725 14.14793 178.352127
Prog_76 2.550966 26.870458 19.490896 204.923937
Prog_153 2.443112 27.056041 18.947057 209.365582
Prog_70 2.432033 19.101663 18.961708 148.642694
Prog_151 0.150737 22.894631 1.14185 172.752377
Prog_72 2.725829 25.556519 21.958163 205.485336
Prog_79 0.558156 27.008524 4.383103 211.49257
Prog_78 2.187369 17.047082 17.125821 133.189063
Prog_159 2.784191 31.205879 21.371595 239.092324
Prog_158 2.621507 25.757876 21.055361 206.486669
Prog_17 0.18459 23.925558 1.557412 198.666325
Prog_18 0.250251 22.747088 2.019304 180.700824
Prog_114 0.0 17.623281 0.0 129.885143
Prog_168 0.317198 25.868193 2.585532 208.968449
Prog_162 0.237436 32.728788 1.834715 252.003222
Prog_163 4.04529 25.748924 31.973165 203.09989
Prog_160 0.01579 32.344955 0.134389 259.297614
Prog_161 1.641914 20.491704 12.549604 156.272258
Prog_166 0.507211 27.77071 3.896514 220.994209
Prog_167 2.371346 20.772161 18.000306 157.42649
Prog_164 1.578172 21.703836 12.587065 172.697897
Prog_165 0.307444 24.002775 2.365859 183.897015
Prog_63 1.46843 16.931139 10.6897 123.019558
Prog_61 2.060626 20.118528 16.202984 157.882193
Prog_66 0.177605 27.953666 1.444972 226.291797
Prog_67 2.004219 17.886674 14.505849 129.226409
Prog_64 3.006383 19.736885 23.443365 153.674457
Prog_65 0.224075 15.633176 1.685148 117.26055
Prog_69 0.0 21.984173 0.0 170.553369
Prog_30 2.246714 29.679792 17.545596 231.242767
Prog_175 3.428311 31.979979 27.373199 254.881615
Prog_174 2.395596 22.240425 20.072927 185.978357
Prog_177 0.249485 28.830713 1.882628 217.130958
Prog_176 0.261604 29.650217 2.018582 227.763588
Prog_171 0.251197 32.671692 1.888078 244.564299
Prog_170 2.306127 18.621437 17.919795 144.424064
Prog_173 2.646118 26.768038 20.276886 204.716991
Prog_172 0.254959 18.510019 1.914609 138.795093
Prog_99 0.234239 24.439776 1.836635 190.89973
Prog_98 1.067908 13.131453 8.39968 103.08308
Prog_96 0.051893 26.723038 0.471097 224.856718
Prog_95 2.403837 22.758238 18.701119 176.726891
Prog_94 1.95198 19.193278 14.829318 145.535201
Prog_93 1.199436 16.733825 8.895067 123.905126
Prog_92 0.0 12.724329 0.0 96.223401
Prog_91 1.823755 21.936426 14.551483 174.65209
Prog_90 1.766319 19.287816 13.527832 153.219809
Prog_31 2.635719 24.797859 20.163562 189.309814
Prog_210 0.157594 15.354827 1.183455 114.948823
Prog_33 0.276124 29.122694 2.200553 231.073043
Prog_35 2.43026 24.623611 18.344408 185.584485
Prog_34 0.418164 27.909442 3.38473 225.103736
Prog_37 1.983383 26.572409 15.72905 210.32866
Prog_36 0.179803 25.397259 1.320588 186.095253
Prog_39 3.588155 28.338976 27.664706 218.106128
Prog_38 0.27574 36.251135 2.126857 278.525388
Prog_212 1.654772 14.575648 12.98636 114.144078
Prog_213 0.0 17.012805 0.0 144.629112
Prog_214 2.441545 22.600798 20.129033 185.930577
Prog_215 4.492722 26.144286 35.86425 208.281223
Prog_180 1.596948 17.771103 12.109428 139.764454
Prog_181 0.226062 17.766009 1.777653 139.363541
Prog_182 0.246401 28.091588 2.004459 227.291436
Prog_183 0.21863 17.253928 1.671656 131.524795
Prog_184 0.840522 35.957657 6.837377 291.245685
Prog_185 0.154785 22.431882 1.171196 168.897256
Prog_186 2.148566 17.085394 17.022381 135.107312
Prog_187 1.558551 14.481554 12.374492 114.753184
Prog_188 0.120132 19.661703 0.95736 154.987436
Prog_189 0.233064 19.717421 1.769181 149.393258
Prog_108 0.232622 25.439905 1.813491 197.342865
Prog_109 0.129311 14.367681 0.975188 107.975421
Prog_88 2.11257 23.314025 16.942357 186.66366
Prog_89 1.411385 18.787943 11.130241 147.881052
Prog_100 0.040621 14.560231 0.338434 118.865267
Prog_85 2.630233 28.655018 19.976409 217.220903
Prog_86 3.066215 29.050436 24.685115 233.42303
Prog_87 1.561927 18.361942 12.099375 142.036533
Prog_104 0.0 23.300448 0.0 184.204101
Prog_105 0.811286 8.814371 6.680783 72.406124
Prog_106 1.404069 16.600774 11.586706 136.705
Prog_107 0.126366 22.04889 1.007977 174.731303
Prog_28 2.823879 24.212336 24.360841 208.295819
Prog_29 1.542766 24.545986 11.904566 189.090318
Prog_26 2.035097 24.618679 16.018345 193.396513
Prog_27 2.330582 20.122994 18.273442 157.507454
Prog_24 0.0 13.224436 0.0 107.22211
Prog_25 0.142209 27.781043 1.055193 213.052055
Prog_22 3.505846 29.191533 29.391974 244.046136
Prog_23 1.394169 11.475581 11.710635 96.027789
Prog_20 1.76649 32.472803 14.260811 261.575396
Prog_21 3.165243 28.7979 24.55097 222.895144
Prog_193 1.865429 18.744178 14.805783 154.038921
Prog_192 1.96964 21.356023 15.638583 169.239932
Prog_191 0.0 8.935315 0.0 72.820627
Prog_190 2.832301 24.652502 21.503096 186.829938
Prog_197 2.726894 23.521932 20.703299 185.178327
Prog_196 2.202716 20.700714 17.290982 162.198287
Prog_195 2.399189 20.256205 18.715965 157.68272
Prog_194 0.196579 18.040086 1.537518 140.272443
Prog_199 0.146422 10.017245 1.102736 75.283219
Prog_198 0.709829 25.939286 5.416989 197.545125
Prog_77 1.742197 15.67039 14.140942 126.898936
Prog_119 0.245806 37.048018 1.934611 289.114081
Prog_118 0.3289 30.349352 2.66567 244.942667
Prog_113 1.278975 16.21444 9.619642 121.718873
Prog_71 2.339588 22.451189 18.223186 174.52106
Prog_111 1.933718 22.899804 15.043467 177.750722
Prog_110 0.0 16.41192 0.0 137.030966
Prog_117 0.106968 18.449941 0.808819 139.129766
Prog_116 0.0 15.730432 0.0 131.6268
Prog_115 1.470769 15.162642 11.667457 120.032865
Prog_152 2.855606 29.1594 22.519215 229.48914
Prog_59 2.597654 28.410481 20.158789 219.990687
Prog_58 0.366696 30.263265 2.794243 229.799238
Prog_73 0.147018 24.817572 1.151316 193.826946
Prog_53 2.467911 17.821319 18.210978 131.299501
Prog_52 0.314849 34.531009 2.421891 264.393721
Prog_51 0.203687 23.435071 1.59399 182.353035
Prog_50 0.0 25.496037 0.0 203.430237
Prog_55 1.538395 25.663915 11.997086 207.183415
Prog_54 1.852196 17.076069 14.52502 133.670089
Prog_112 1.46309 21.390777 11.222867 169.898976
Prog_203 1.657294 23.354232 12.949175 182.031587
Prog_202 1.278599 8.473529 10.297506 68.099596
Prog_201 2.751714 24.863207 21.75206 196.111082
Prog_200 0.243753 29.401122 1.937399 232.099999
Prog_207 1.954459 18.024118 14.724137 135.509003
Prog_206 2.40459 22.037823 18.948089 173.339562
Prog_205 0.0 24.673053 0.0 185.570547
Prog_204 0.176309 15.625999 1.419018 125.056522
Prog_209 2.193289 21.75309 17.957999 177.745542
Prog_208 0.0 12.456257 0.0 100.310845
Prog_211 0.076035 22.138192 0.568265 164.258059
Prog_128 2.433336 31.605121 18.71201 242.608812
Prog_129 0.055023 30.395732 0.419448 229.563714
Prog_127 0.30638 31.113503 2.346476 237.210677
Prog_124 2.763235 34.112145 20.940616 258.015318
Prog_125 0.287532 35.902215 2.347272 290.492013
Prog_122 2.452209 31.962421 20.374514 264.981733
Prog_123 1.73736 19.499639 12.849695 144.017802
Prog_120 2.451352 29.605096 20.027259 241.369029
Prog_121 2.330616 26.671594 18.39457 210.104012
Prog_48 0.160524 32.239226 1.220275 244.621851
Prog_49 0.465592 35.701846 3.508069 268.483144
Prog_40 0.87106 8.481505 7.575267 73.316045
Prog_41 3.682903 27.481005 28.937478 215.499955
Prog_42 0.142792 22.985981 1.152185 182.995358
Prog_43 0.659827 30.354892 5.076926 232.920772
Prog_44 0.083362 37.375995 0.647769 287.228387
Prog_45 0.269881 27.333605 2.103107 212.525995
Prog_46 0.151447 21.905309 1.21979 175.037762
Prog_47 3.314965 19.898609 26.366404 157.944189
Prog_150 2.062104 20.524403 15.092521 149.951396
Prog_131 3.169543 33.526987 24.31755 266.360785
Prog_130 2.8797 29.65704 23.00585 236.478797
Prog_133 0.0 21.153431 0.0 171.622309
Prog_132 2.512589 29.424887 20.467701 238.850078
Prog_135 0.006022 31.974748 0.050531 248.992238
Prog_134 1.746156 28.072204 13.351779 214.245555
Prog_137 3.439156 33.409877 26.575158 257.709128
Prog_136 0.706765 25.671919 5.661726 205.077063
Prog_139 4.507508 27.016947 35.175057 210.48687
Prog_84 2.284989 20.923104 18.798047 171.720193
Prog_101 1.961139 20.894447 15.613221 166.029046
Prog_102 0.749113 9.602749 5.636282 72.113938
Prog_103 2.020062 19.892794 15.768293 154.942422
Prog_80 1.841607 14.482069 14.714711 115.500955
Prog_81 1.56579 20.458538 12.097156 157.791564
Prog_144 3.742756 32.503165 29.959269 259.637755
Prog_145 0.0 24.137746 0.0 189.399001
Prog_146 2.609463 24.272258 19.485016 180.909592
Prog_147 2.286475 21.781917 17.668462 167.958767
Prog_140 2.935067 32.489583 22.867444 252.711969
Prog_141 0.407225 29.407208 3.165547 228.173067
Prog_142 3.99543 32.913396 31.077516 255.561512
Prog_83 0.1589 24.101899 1.301714 195.183662
Prog_148 0.161529 33.83296 1.22395 255.231012
