Prog_157 16.841432 8.006983 130.444765 82.034845
Prog_156 19.052776 5.03843 137.858739 54.703239
Prog_155 13.626955 5.068774 98.438767 50.735068
Prog_76 20.213247 5.897199 152.856449 57.214747
Prog_153 22.420471 4.196449 168.332966 41.359215
Prog_70 19.537989 0.147448 149.137953 1.473501
Prog_151 17.298761 2.501047 128.757122 34.140452
Prog_72 20.825661 2.185108 157.555618 31.95695
Prog_79 19.950784 2.881608 161.57268 37.008563
Prog_78 14.623293 2.044053 110.236247 30.900376
Prog_159 25.109504 3.806585 194.300184 43.354363
Prog_158 17.355214 6.973594 136.957398 73.241812
Prog_17 18.803383 2.882744 151.969203 42.695979
Prog_18 18.914317 4.76764 154.985281 51.792701
Prog_114 12.346814 1.829612 95.05477 22.0122
Prog_168 19.068173 2.586587 152.182601 34.378916
Prog_162 24.206578 3.853083 184.061317 45.663608
Prog_163 22.23954 3.328308 170.371057 41.741593
Prog_160 21.865846 7.003147 163.612197 66.420319
Prog_161 13.597898 3.834214 103.613363 42.013769
Prog_166 17.956881 5.650375 136.573644 56.833858
Prog_167 17.625969 2.516777 130.397754 33.164851
Prog_164 16.582394 4.971448 124.835681 48.658433
Prog_165 18.213298 2.539646 140.473856 31.468614
Prog_63 11.196079 3.127269 86.67416 30.992436
Prog_61 11.119083 3.050902 90.803479 39.960591
Prog_66 20.060993 3.163988 149.964537 43.101491
Prog_67 15.821666 2.355217 124.751124 26.851517
Prog_64 17.505178 2.29482 133.381224 33.077599
Prog_65 17.64132 0.216605 133.162147 2.164936
Prog_69 17.092401 2.213868 132.059652 26.203767
Prog_30 24.41213 5.475065 188.536971 63.784915
Prog_175 25.00515 4.125363 201.151181 56.103601
Prog_174 20.89362 0.0 167.907625 0.0
Prog_177 18.815512 3.244901 140.6337 38.220317
Prog_176 21.885193 5.394079 166.376905 54.892061
Prog_171 25.905388 3.788083 196.086041 44.072315
Prog_170 16.2894 4.017326 127.668131 41.022746
Prog_173 18.931905 4.740168 144.888186 52.734145
Prog_172 14.683039 0.036892 111.300284 0.368684
Prog_99 15.581287 2.372924 118.696976 28.840821
Prog_98 8.398809 3.571843 63.368777 35.776817
Prog_96 22.127685 0.482987 168.729364 4.82512
Prog_95 13.808314 4.98005 106.333278 48.935777
Prog_94 10.843475 2.955915 82.054583 30.677706
Prog_93 9.333793 2.73843 68.93002 32.056377
Prog_92 18.594847 2.4053 143.511361 28.79946
Prog_91 12.853585 3.628644 93.569688 40.127656
Prog_90 16.253051 2.1065 122.688124 22.746763
Prog_31 24.557405 0.0 183.528992 0.0
Prog_210 11.932145 3.192417 87.122383 31.015318
Prog_33 27.570355 3.386931 207.418365 42.747599
Prog_35 20.40858 2.80909 140.63834 34.591967
Prog_34 18.855791 6.603655 138.852086 76.200434
Prog_37 19.420356 4.641745 151.5067 58.683875
Prog_36 17.727732 3.577823 130.838343 43.217193
Prog_39 30.759596 0.071016 234.951133 0.709713
Prog_38 27.537593 6.398671 203.195055 71.25717
Prog_212 13.334773 1.797528 102.935542 20.660662
Prog_213 11.105268 4.495636 77.57486 39.741007
Prog_214 18.192995 2.329714 137.395759 25.231518
Prog_215 22.025267 3.406624 165.217593 37.972664
Prog_180 10.648058 3.339909 82.506887 38.011914
Prog_181 12.104604 1.651638 90.368867 25.289913
Prog_182 20.420079 6.494881 149.885019 62.426981
Prog_183 14.1781 3.408234 106.483422 39.422082
Prog_184 26.634422 7.492351 202.47252 74.405303
Prog_185 18.353612 2.587993 137.042798 34.231295
Prog_186 13.409111 3.188955 107.734449 33.665162
Prog_187 12.511533 0.294237 94.401281 2.939568
Prog_188 14.082051 3.48354 104.930988 34.925287
Prog_189 16.566821 2.464009 125.174367 26.267848
Prog_108 19.804205 2.690029 151.055184 25.248613
Prog_109 10.395971 1.306866 79.136963 16.393843
Prog_88 20.280622 2.766065 163.669707 35.500825
Prog_89 13.913263 2.396814 99.70312 27.496094
Prog_100 8.428163 1.326332 68.306495 19.70269
Prog_85 17.482377 4.927814 122.384874 49.506153
Prog_86 24.158188 3.449065 184.633194 42.221122
Prog_87 13.789066 1.878615 102.5441 18.892388
Prog_104 18.323128 2.197763 140.913538 25.894424
Prog_105 7.630642 1.12958 60.726177 10.412761
Prog_106 14.423295 3.842933 112.32326 40.981911
Prog_107 14.543933 4.006298 107.305461 42.629749
Prog_28 17.483854 7.189785 142.686351 69.542053
Prog_29 21.119496 2.422402 159.900379 33.873381
Prog_26 24.933294 3.004817 189.7257 36.811611
Prog_27 17.259936 4.844298 130.255473 50.650425
Prog_24 13.907682 1.499007 109.589392 17.322379
Prog_25 27.322965 0.562642 203.798029 5.621928
Prog_22 22.869489 5.969686 177.842856 70.605126
Prog_23 9.452538 1.468409 80.592164 19.092353
Prog_20 23.479284 7.397359 181.52478 77.142578
Prog_21 22.605141 5.268501 174.025511 61.076848
Prog_193 14.03055 3.44952 102.882456 36.899749
Prog_192 15.948015 2.30649 119.575322 21.87666
Prog_191 7.103346 0.0 59.654023 0.0
Prog_190 19.634337 2.512126 145.341295 29.375235
Prog_197 15.340525 6.522691 112.325387 60.878797
Prog_196 17.361407 4.533726 133.434832 45.290106
Prog_195 15.524852 5.612118 120.091523 55.627112
Prog_194 14.768111 1.947117 116.870617 25.01002
Prog_199 6.043221 1.576164 47.205994 18.171914
Prog_198 24.203217 0.0 188.837669 0.0
Prog_77 10.035383 4.226635 76.220326 45.592177
Prog_119 26.429896 4.311628 202.28721 57.624109
Prog_118 24.332871 6.099653 188.218418 65.201695
Prog_113 11.761693 1.807055 89.893891 17.604058
Prog_71 16.574935 3.771955 130.946698 46.54043
Prog_111 19.864412 3.45441 156.276292 30.271165
Prog_110 8.830057 2.945802 67.841738 32.013206
Prog_117 18.847609 0.0 144.851723 0.0
Prog_116 10.677398 2.936959 82.181266 29.999791
Prog_115 13.757174 1.845536 105.435425 19.424425
Prog_152 21.654338 3.095349 165.377511 46.67061
Prog_59 25.408044 0.0 196.412612 0.0
Prog_58 22.681979 5.974225 171.504435 63.593772
Prog_73 16.237951 3.788647 119.901642 44.209864
Prog_53 14.729659 1.890226 113.714333 25.731137
Prog_52 26.024732 7.182903 193.100427 76.974001
Prog_51 19.280155 4.158095 139.891594 47.463941
Prog_50 22.159927 0.0 167.682444 0.0
Prog_55 20.384981 2.890792 159.437248 38.141368
Prog_54 14.238705 3.303882 102.303847 38.8579
Prog_112 19.863734 2.696755 147.259249 30.711507
Prog_203 18.634201 4.556862 145.242332 44.519667
Prog_202 8.579457 2.841209 72.181163 28.536471
Prog_201 18.942033 4.947438 147.950734 49.389113
Prog_200 24.31395 4.079084 190.380197 47.354455
Prog_207 13.173393 3.739579 100.557181 37.32088
Prog_206 23.20391 0.0 180.726794 0.0
Prog_205 18.404594 4.952367 139.469255 48.006779
Prog_204 17.152234 0.0 130.033781 0.0
Prog_209 17.114357 4.264865 133.456702 43.26027
Prog_208 11.979486 2.950574 94.488691 28.398565
Prog_211 17.319173 2.320204 132.052105 22.034251
Prog_128 21.722398 3.204218 161.314774 45.665285
Prog_129 19.310649 3.783072 150.509775 47.87356
Prog_127 21.674008 6.376401 159.396027 71.186976
Prog_124 28.576468 0.0 220.020408 0.0
Prog_125 26.555821 4.721878 210.126022 57.510054
Prog_122 28.724558 0.577773 232.347004 5.772936
Prog_123 15.177053 2.24203 110.123567 32.578105
Prog_120 19.699715 4.976218 147.644886 55.2134
Prog_121 19.193423 5.412947 148.931301 51.512401
Prog_48 27.775914 3.709959 206.912202 38.757462
Prog_49 29.233964 3.781069 217.478407 48.396444
Prog_40 8.466338 1.91058 71.509434 23.602087
Prog_41 26.507767 1.975624 203.074435 28.919045
Prog_42 17.323822 2.412375 136.422105 29.425331
Prog_43 23.097079 3.344484 175.832581 44.088769
Prog_44 27.170196 3.42046 205.898294 45.815277
Prog_45 20.961969 2.766518 157.940982 34.474703
Prog_46 18.543094 2.31041 138.003032 33.621345
Prog_47 19.286011 2.28871 145.273842 30.996841
Prog_150 15.31709 4.283581 108.801458 44.034618
Prog_131 24.924749 4.562722 188.246675 57.218907
Prog_130 19.555843 6.436079 149.610106 69.762874
Prog_133 12.707775 5.697423 93.420322 62.257519
Prog_132 20.06081 5.849489 158.090723 70.25667
Prog_135 22.562785 3.238511 171.997023 45.025096
Prog_134 19.48742 5.067704 139.405788 58.072459
Prog_137 23.365284 5.675049 164.09765 63.579762
Prog_136 20.741808 5.340842 161.999426 58.901175
Prog_139 24.614966 3.560324 186.092589 37.504116
Prog_84 16.075856 3.876894 124.721338 42.251709
Prog_101 12.929526 4.731225 98.798506 47.640056
Prog_102 10.482 0.0 82.739409 0.0
Prog_103 19.915607 0.0 152.706112 0.0
Prog_80 13.350337 2.036716 100.400109 25.473884
Prog_81 13.465634 3.120746 100.947176 40.213859
Prog_144 28.623142 0.548 229.054806 5.475773
Prog_145 14.902682 0.0 105.696726 0.0
Prog_146 18.810217 2.73149 145.377349 41.633363
Prog_147 15.694396 2.697587 116.633747 36.162146
Prog_140 22.163581 6.374712 164.197018 69.190198
Prog_141 22.244789 0.0 174.538275 0.0
Prog_142 26.718433 3.420921 194.956512 43.027663
Prog_83 0.592028 0.212837 3.313126 2.1263
Prog_148 25.619252 3.35068 191.538993 44.85978
