IACSP95-3018 0.0 39.359263 0.0 295.38697
IACSP95-3018 0.0 45.325368 0.0 349.960423
IACSP95-3018 0.0 35.328211 0.0 265.41064
IACSP95-3018 0.0 40.460955 0.0 305.773405
IACSP95-3018 0.0 37.621687 0.0 277.787667
IACSP95-3018 0.0 41.248681 0.0 307.664461
IACSP95-3018 0.0 57.393538 0.0 446.463489
IACSP95-3018 0.0 37.232382 0.0 265.373946
IACSP95-3018 0.0 44.041601 0.0 355.439545
IACSP95-3018 0.0 41.014072 0.0 322.111185
IACSP95-3018 0.0 45.740926 0.0 339.731083
IACSP95-3018 0.0 47.372834 0.0 368.345096
IACSP93-3046 4.021155 26.04923 31.457891 199.402074
IACSP93-3046 5.008225 36.375987 35.881849 277.127326
IACSP93-3046 8.065699 46.596503 59.95621 376.114484
IACSP93-3046 5.481883 32.569805 39.929526 237.912479
IACSP93-3046 4.924601 30.23059 37.976582 235.882831
IACSP93-3046 4.561485 29.423779 32.313532 227.779249
IACSP93-3046 4.304226 30.592703 33.864235 239.928751
IACSP93-3046 6.493391 36.814641 50.175207 282.14061
IACSP93-3046 6.199843 41.276766 46.189798 345.076266
IACSP93-3046 9.214891 55.591676 71.614685 443.420579
IACSP93-3046 7.381763 42.837565 57.032099 338.227293
IACSP93-3046 4.896704 28.902329 36.314153 216.410432
