Prog_157 0.975115 10.701652 12.462753 81.594979
Prog_156 4.807548 31.38565 29.255668 217.466581
Prog_155 6.594112 25.32233 42.133337 173.933318
Prog_76 0.0 0.0 0.0 0.0
Prog_153 8.471919 32.764327 55.092315 247.65124
Prog_70 11.127016 21.459378 78.241656 169.026474
Prog_151 2.43901 23.020782 16.1 165.727056
Prog_72 1.009633 8.781288 6.704041 66.053725
Prog_79 11.884147 34.634164 80.558234 272.155665
Prog_78 4.895093 19.890332 32.218813 151.342605
Prog_159 5.114689 19.346014 34.58635 132.194906
Prog_158 6.698457 28.438685 42.991235 215.36248
Prog_17 5.990634 23.553735 37.590467 158.447334
Prog_18 1.588048 23.923128 7.472738 189.963318
Prog_114 3.723501 25.673621 22.771674 194.441811
Prog_168 6.759717 25.408927 40.52778 179.802176
Prog_162 5.180368 20.088086 39.090412 153.376006
Prog_163 4.058092 17.629543 28.09884 121.542097
Prog_160 11.78279 29.804598 75.164852 204.377713
Prog_161 2.806347 21.266792 17.71112 152.114204
Prog_166 10.360627 37.293339 65.2369 259.409581
Prog_167 9.055491 31.572389 59.084995 232.321851
Prog_164 8.409562 34.259158 53.053351 261.672826
Prog_165 2.985278 27.727311 16.893407 202.115462
Prog_63 2.91563 23.172631 15.624464 155.595747
Prog_61 4.086474 35.679777 22.919357 254.937612
Prog_66 3.87312 33.758384 23.606156 225.281702
Prog_67 6.157924 27.057818 35.960058 187.768038
Prog_64 4.065864 23.849386 25.0928 162.120559
Prog_65 9.561409 31.723406 62.203029 217.342839
Prog_69 7.279764 28.493226 46.22067 196.249347
Prog_30 7.379102 28.619469 46.804415 186.880799
Prog_175 5.207122 33.906615 32.300695 245.314651
Prog_174 1.432355 16.948957 8.330567 126.329574
Prog_177 2.845185 25.623517 17.644299 193.736612
Prog_176 3.600352 27.398571 21.959765 193.173811
Prog_171 5.477765 23.547018 33.053324 173.398994
Prog_170 4.50843 31.675052 26.393008 230.301866
Prog_173 2.389929 19.851299 14.565323 140.845561
Prog_172 2.727382 23.440191 16.507487 173.602222
Prog_99 2.385152 22.102316 12.854998 145.672303
Prog_98 7.410445 29.297662 45.704718 211.982807
Prog_96 4.764713 30.193709 28.386106 230.173192
Prog_95 4.030601 29.314296 22.623563 206.501655
Prog_94 1.86928 18.80035 9.739323 130.668237
Prog_93 6.830563 27.183842 47.372288 208.574678
Prog_92 2.854534 26.518566 17.068429 183.086239
Prog_91 5.191597 20.449659 30.290351 143.018529
Prog_90 8.506604 17.924532 59.276677 146.168082
Prog_31 2.547422 24.288706 12.44414 163.969612
Prog_210 5.038703 22.967893 34.347757 161.789895
Prog_33 5.34534 21.263013 30.806888 140.275049
Prog_35 0.991852 9.775255 7.326311 74.2329
Prog_34 5.783002 26.548867 33.79194 189.354159
Prog_37 2.679741 27.86132 15.189127 228.278669
Prog_36 5.794603 21.49349 39.467475 154.618081
Prog_39 6.554995 30.273259 38.317942 221.073995
Prog_38 6.328494 23.044546 41.803518 158.415822
Prog_212 2.920674 12.369417 19.439168 94.632081
Prog_213 8.678035 29.376123 48.977357 195.066956
Prog_214 7.124872 24.123359 46.361019 172.183799
Prog_215 3.664915 12.776306 24.885952 89.17397
Prog_180 0.0 28.634472 0.0 197.677166
Prog_181 9.317032 34.609153 60.309045 255.391392
Prog_182 9.998807 25.959041 75.779551 172.54291
Prog_183 2.827621 13.919933 20.364496 101.49315
Prog_184 9.089742 30.471513 57.849583 213.340312
Prog_185 0.0 43.662559 0.0 311.841411
Prog_186 2.622254 29.688614 14.128542 221.387728
Prog_187 1.582642 16.973229 8.300358 117.347544
Prog_188 8.711677 20.160824 53.832029 139.955985
Prog_189 6.535424 24.893436 38.469349 173.705662
Prog_108 4.362681 36.920206 22.62184 292.066234
Prog_109 2.660396 26.915905 15.413785 184.384717
Prog_88 3.057388 35.252039 15.538545 243.297167
Prog_89 9.858092 21.869291 65.933264 151.725688
Prog_100 2.375929 21.034613 13.092465 159.147032
Prog_85 13.63835 27.678232 82.965624 180.962276
Prog_86 5.994515 19.432328 40.814128 132.580458
Prog_87 2.419464 9.327886 16.981385 66.317336
Prog_104 0.0 26.417304 0.0 187.485743
Prog_105 6.669775 25.21679 43.256672 177.76606
Prog_106 5.014957 29.923531 28.436254 203.391718
Prog_107 3.470285 31.735304 20.096549 227.300031
Prog_28 6.413773 26.726896 37.51872 205.677438
Prog_29 7.124759 27.810654 47.42735 193.864091
Prog_26 6.183481 22.194702 41.353201 150.899058
Prog_27 6.267719 25.072115 43.434473 177.27169
Prog_24 0.0 26.960946 0.0 179.018529
Prog_25 5.532218 19.748573 40.513102 141.232419
Prog_22 5.499144 26.394954 34.801866 191.056838
Prog_23 2.194266 28.623788 11.222448 212.623702
Prog_20 4.860504 30.953032 29.861016 221.867174
Prog_21 5.075645 19.259844 30.542005 132.430099
Prog_193 6.100822 31.646809 34.984523 222.713308
Prog_192 1.307451 17.08166 5.803937 118.530214
Prog_191 2.202393 17.798918 13.958252 127.864844
Prog_190 1.690354 23.184068 9.25001 167.186077
Prog_197 0.837762 10.443763 4.167186 83.382991
Prog_196 9.084073 29.070175 58.845071 206.541394
Prog_195 2.147997 23.905917 12.847779 194.749081
Prog_194 4.467318 18.094689 30.33869 130.375351
Prog_199 3.262487 13.723029 30.043187 106.279227
Prog_198 3.507774 28.541129 20.961935 196.5895
Prog_77 3.024549 24.505112 19.070921 182.141727
Prog_119 0.0 31.381466 0.0 210.910707
Prog_118 4.295059 31.02996 28.713972 218.506281
Prog_113 11.326078 23.793698 69.593201 171.612127
Prog_71 4.173282 36.212854 22.794355 284.627824
Prog_111 5.880875 22.674941 34.817236 151.348265
Prog_110 4.920719 32.162091 25.82191 214.153419
Prog_117 7.647155 28.045696 47.435494 181.623894
Prog_116 7.169877 27.062878 42.953508 193.732797
Prog_115 6.40186 23.195807 40.936866 168.460327
Prog_152 3.349699 29.052871 21.031606 209.542806
Prog_59 7.125871 26.418442 44.951451 184.407403
Prog_58 4.934 16.690003 37.002073 127.614438
Prog_73 6.348589 27.344205 38.233328 192.717626
Prog_53 3.733554 31.490433 23.387462 219.913457
Prog_52 2.001845 9.986131 13.411488 68.314763
Prog_51 10.951663 22.862609 89.01053 170.358835
Prog_50 4.455226 18.206852 30.932967 121.496123
Prog_55 1.581256 21.406223 8.492512 156.688969
Prog_54 13.086552 27.596494 77.824929 184.977678
Prog_112 3.648681 15.247125 25.414388 112.10179
Prog_203 5.902004 20.60489 41.412351 143.825845
Prog_202 6.139705 21.479575 41.389715 142.873178
Prog_201 6.476372 21.512583 41.116591 158.096946
Prog_200 1.268594 12.798744 7.040397 105.88209
Prog_207 3.443099 12.49967 22.598869 93.033682
Prog_206 4.506072 19.329503 26.313902 136.58197
Prog_205 3.689512 31.040946 21.732363 216.849343
Prog_204 4.528938 33.47041 27.029399 245.392483
Prog_209 3.141876 26.609991 18.566515 183.092806
Prog_208 2.445802 22.396563 13.008284 156.686122
Prog_211 6.737169 23.949539 45.904725 185.666328
Prog_128 5.339988 39.74411 32.32512 326.202681
Prog_129 9.910465 35.176129 59.279635 255.810319
Prog_127 6.69666 23.124764 43.099913 160.331185
Prog_124 8.613101 31.12038 55.732312 210.539107
Prog_125 2.279323 24.885507 11.923288 181.15209
Prog_122 6.450658 40.321456 38.151274 298.389266
Prog_123 4.975443 37.804416 29.065386 263.835614
Prog_120 3.572162 25.83679 20.672739 170.868614
Prog_121 0.0 27.800916 0.0 216.73222
Prog_48 9.745508 23.659268 59.605627 163.529185
Prog_49 3.783609 30.293772 21.967687 223.946885
Prog_40 6.684242 27.479398 38.702021 192.034953
Prog_41 6.971765 28.171125 46.063803 199.930449
Prog_42 2.484012 28.606252 12.684287 217.688618
Prog_43 0.0 33.51461 0.0 265.947789
Prog_44 6.911796 21.380135 44.219345 149.607611
Prog_45 6.327898 41.431178 38.144208 296.819463
Prog_46 5.096269 40.429954 28.231666 271.716492
Prog_47 12.178757 28.626769 82.99935 221.670415
Prog_150 8.530154 30.284057 51.627402 215.469884
Prog_131 9.011744 29.797603 59.060485 208.544329
Prog_130 0.0 38.016272 0.0 277.138013
Prog_133 3.780279 14.619345 26.951644 119.885509
Prog_132 4.996837 35.694871 28.347415 244.193988
Prog_135 11.571767 33.421783 74.737705 238.616543
Prog_134 7.311972 27.320446 45.573131 185.418175
Prog_137 3.297229 29.227168 21.048253 206.983539
Prog_136 4.426566 15.562376 27.961926 107.459355
Prog_139 4.078544 31.741225 26.172262 219.483053
Prog_84 7.791538 26.62446 49.95461 195.917989
Prog_101 3.731623 38.871395 18.509977 279.399849
Prog_102 11.445009 21.242114 78.807907 150.91947
Prog_103 2.687277 22.300271 15.84529 152.186156
Prog_80 1.850406 20.794918 9.606207 155.702739
Prog_81 5.874266 19.986851 35.381603 143.88134
Prog_144 3.851024 39.92877 19.852473 286.213403
Prog_145 1.66327 20.79191 8.748786 143.09187
Prog_146 3.852151 37.80035 19.923913 292.348199
Prog_147 9.853534 37.464743 61.667481 289.703955
Prog_140 8.796638 27.358936 57.92261 183.916487
Prog_141 7.883587 26.813028 50.414222 186.719652
Prog_142 6.342527 24.598513 38.783732 165.85756
Prog_83 2.080297 3.92651 15.764795 24.800221
Prog_148 3.832346 33.422586 20.662357 264.656717
