IACSP95-3018 18.623851 6.227713 130.413056 50.083548
IACSP95-3018 16.596061 6.282999 115.56361 45.421849
IACSP95-3018 13.728649 5.41184 93.973955 42.089619
IACSP95-3018 16.437947 6.485283 114.304528 47.644335
IACSP95-3018 20.619652 8.021893 139.428727 62.633296
IACSP95-3018 18.552862 7.676048 132.733261 59.635089
IACSP95-3018 19.003635 7.942671 131.121486 62.093641
IACSP95-3018 13.988739 5.643076 99.329633 39.435056
IACSP95-3018 17.282158 6.962819 120.91187 53.055447
IACSP95-3018 13.311989 5.831715 92.715845 43.97881
IACSP95-3018 7.993181 2.939765 56.189716 23.493626
IACSP95-3018 18.765267 7.44773 127.733152 58.085711
IACSP93-3046 26.250823 0.0 191.819041 0.0
IACSP93-3046 28.642602 0.0 206.435373 0.0
IACSP93-3046 23.401997 0.0 174.614697 0.0
IACSP93-3046 21.699365 0.0 167.016845 0.0
IACSP93-3046 26.489939 0.0 178.418451 0.0
IACSP93-3046 24.005891 0.0 166.772266 0.0
IACSP93-3046 22.128248 0.0 169.615614 0.0
IACSP93-3046 26.703488 0.0 186.676388 0.0
IACSP93-3046 15.01574 0.0 102.64309 0.0
IACSP93-3046 25.160623 0.040151 187.04922 0.401225
IACSP93-3046 20.9786 0.0 142.757222 0.0
IACSP93-3046 24.303109 0.0 172.566607 0.0
