IACSP95-3018 0.516901 9.282589 4.137621 61.235597
IACSP95-3018 0.619297 6.324245 3.980039 38.066014
IACSP95-3018 0.880552 8.523909 6.665317 57.842755
IACSP95-3018 0.552338 7.47955 4.083742 48.488711
IACSP95-3018 0.806306 8.13625 6.397207 56.644159
IACSP95-3018 1.037984 9.778007 7.78023 68.313243
IACSP95-3018 0.386238 2.425681 3.65464 18.326522
IACSP95-3018 0.517665 5.263622 5.304836 38.512902
IACSP95-3018 0.994453 9.406641 7.761948 67.475089
IACSP95-3018 1.505126 6.606819 11.702923 49.029141
IACSP95-3018 0.546599 4.931341 3.789384 32.214864
IACSP95-3018 0.814532 9.288352 6.404618 63.182012
IACSP93-3046 0.0 5.76031 0.0 41.574616
IACSP93-3046 0.0 9.506171 0.0 69.83309
IACSP93-3046 0.0 11.25038 0.0 82.367345
IACSP93-3046 0.0 13.149536 0.0 95.855844
IACSP93-3046 0.0 8.057462 0.0 60.231357
IACSP93-3046 0.0 4.835556 0.0 34.592899
IACSP93-3046 0.0 6.117549 0.0 44.523544
IACSP93-3046 0.0 13.573604 0.0 96.846183
IACSP93-3046 0.0 9.252931 0.0 61.292552
IACSP93-3046 0.0 9.578006 0.0 73.465312
IACSP93-3046 0.0 9.68161 0.0 70.347919
IACSP93-3046 0.0 6.955858 0.0 49.418677
