IACSP95-3018 16.467608 0.433418 121.454858 4.353658
IACSP95-3018 18.112312 0.371645 132.564984 4.059849
IACSP95-3018 13.387992 0.219878 95.888923 2.402137
IACSP95-3018 18.48692 0.254219 136.851312 2.777658
IACSP95-3018 13.402619 0.246138 99.531765 2.689183
IACSP95-3018 6.05843 0.185168 45.167069 2.093719
IACSP95-3018 12.267414 0.305957 89.723358 3.793414
IACSP95-3018 14.12084 0.471731 101.697142 6.921739
IACSP95-3018 12.058372 0.396291 92.355829 4.329525
IACSP95-3018 15.004605 0.0 111.443204 0.0
IACSP95-3018 14.423142 0.203871 103.388307 2.227434
IACSP95-3018 17.371236 0.583102 127.069886 7.37862
IACSP93-3046 12.133424 2.326383 88.578467 23.910978
IACSP93-3046 12.144249 2.043998 88.80828 20.378692
IACSP93-3046 14.045805 2.621634 101.545206 24.603046
IACSP93-3046 12.589573 2.323898 99.284932 25.616447
IACSP93-3046 12.564999 2.561555 93.691122 25.960536
IACSP93-3046 12.908087 2.446622 90.647731 24.918702
IACSP93-3046 8.358698 1.777457 63.81558 17.842938
IACSP93-3046 11.264397 2.358797 79.590617 21.920423
IACSP93-3046 10.444872 2.0926 76.995159 20.696602
IACSP93-3046 14.428036 2.893562 108.155027 28.656204
IACSP93-3046 12.421792 2.472099 99.193221 26.002493
IACSP93-3046 13.776114 2.504095 99.978386 23.978018
