IACSP95-3018 36.541375 1.056126 248.656772 10.853983
IACSP95-3018 34.369902 0.582536 242.949313 9.153376
IACSP95-3018 38.60541 1.326277 261.811989 11.110345
IACSP95-3018 38.902834 0.70148 250.059363 10.18483
IACSP95-3018 29.504527 0.528893 187.50159 4.669466
IACSP95-3018 41.376714 0.419198 274.987737 3.702
IACSP95-3018 28.574192 0.809178 199.034183 9.385475
IACSP95-3018 41.790719 0.764112 270.386756 6.858349
IACSP95-3018 39.132065 0.716005 253.263622 10.39847
IACSP95-3018 40.114987 0.85489 272.689466 6.067207
IACSP95-3018 37.908947 0.494178 249.103746 4.363268
IACSP95-3018 32.819129 0.794066 226.263234 11.944945
IACSP93-3046 37.387123 6.087257 255.242549 49.3373
IACSP93-3046 18.783689 3.177072 114.528486 25.068974
IACSP93-3046 31.768188 5.706206 206.175089 46.353125
IACSP93-3046 30.330269 5.405706 190.485819 45.289564
IACSP93-3046 25.384927 4.462761 166.040842 35.503634
IACSP93-3046 23.323395 4.159105 154.717446 34.477532
IACSP93-3046 25.272896 4.645895 162.954376 41.213078
IACSP93-3046 29.320034 5.392839 192.489535 45.84334
IACSP93-3046 30.017273 4.82953 193.543911 40.192026
IACSP93-3046 30.713114 5.148814 206.303128 37.188988
IACSP93-3046 26.364356 4.203748 172.198646 35.248009
IACSP93-3046 21.116362 4.072133 135.830805 32.464481
