IACSP95-3018 36.648906 7.465141 279.503977 61.553311
IACSP95-3018 15.821679 0.0 128.266003 0.0
IACSP95-3018 35.783142 6.773018 280.038722 65.597571
IACSP95-3018 33.189336 5.172199 256.341038 67.223319
IACSP95-3018 30.351091 5.440224 227.638575 54.725343
IACSP95-3018 36.563183 5.934905 278.444431 60.191716
IACSP95-3018 3.738281 0.0 39.961913 0.0
IACSP95-3018 28.006303 4.151649 215.821285 35.881497
IACSP95-3018 32.034458 6.346831 265.103837 63.98839
IACSP95-3018 39.963198 7.683171 304.333179 80.145949
IACSP95-3018 44.347801 8.842926 330.72393 81.094837
IACSP95-3018 36.662488 6.32074 287.162386 73.701862
IACSP93-3046 45.973995 7.603336 341.941364 78.364768
IACSP93-3046 58.626275 9.935201 467.634814 99.828886
IACSP93-3046 39.008826 6.920162 299.656725 65.839124
IACSP93-3046 27.440789 4.68202 220.477548 69.682324
IACSP93-3046 37.576808 6.328042 300.525936 80.921557
IACSP93-3046 37.955965 6.343031 277.192109 73.298425
IACSP93-3046 36.024171 5.706833 281.478546 58.753444
IACSP93-3046 35.88238 5.902378 279.431734 62.701638
IACSP93-3046 46.632594 8.457722 367.598434 90.796102
IACSP93-3046 30.572471 4.799645 259.302027 66.982043
IACSP93-3046 30.825916 4.934016 250.280043 53.260964
IACSP93-3046 38.172217 6.511715 308.147078 77.105602
