IACSP95-3018 25.982419 2.237191 181.498437 13.038032
IACSP95-3018 24.980841 2.877594 172.928104 18.837559
IACSP95-3018 18.137605 2.212011 119.893374 15.382453
IACSP95-3018 0.0 0.0 0.0 0.0
IACSP95-3018 0.0 0.0 0.0 0.0
IACSP95-3018 20.044227 2.177222 136.589849 15.161131
IACSP95-3018 20.87228 2.081481 138.545298 13.529173
IACSP95-3018 27.776523 3.061538 201.133863 20.424166
IACSP95-3018 27.138236 3.253373 188.914932 22.797192
IACSP95-3018 0.0 0.0 0.0 0.0
IACSP95-3018 13.641567 1.550458 91.628724 9.079529
IACSP95-3018 20.29819 2.004273 140.567389 13.111033
IACSP93-3046 16.567439 0.0 111.908247 0.0
IACSP93-3046 22.360795 0.0 160.559342 0.0
IACSP93-3046 21.461132 0.0 146.594538 0.0
IACSP93-3046 28.158657 0.0 189.640559 0.0
IACSP93-3046 25.819413 0.0 184.129187 0.0
IACSP93-3046 24.460107 0.0 166.008757 0.0
IACSP93-3046 28.264486 0.0 202.253697 0.0
IACSP93-3046 22.254107 0.0 148.842331 0.0
IACSP93-3046 0.0 0.0 0.0 0.0
IACSP93-3046 28.561546 0.0 202.484678 0.0
IACSP93-3046 16.697723 0.0 122.345347 0.0
IACSP93-3046 23.94264 0.0 165.261157 0.0
