Prog_157 19.879911 3.150592 149.012413 31.702096
Prog_156 29.17484 0.258221 256.727827 2.820839
Prog_155 16.686386 0.133448 135.853687 1.457805
Prog_76 24.121565 0.157958 192.561483 1.725563
Prog_153 21.117926 0.105654 173.400244 1.154108
Prog_70 21.639175 3.174373 174.747886 34.807528
Prog_151 21.0343 3.791016 167.84392 34.669891
Prog_72 20.439534 0.183108 165.563225 0.47106
Prog_79 16.073925 3.145468 120.239681 31.858257
Prog_78 18.740094 3.428815 141.854942 31.434027
Prog_159 17.718295 2.333254 139.515342 22.491286
Prog_158 8.013072 1.215588 66.218793 13.271744
Prog_17 20.634671 4.746893 160.18986 47.000423
Prog_18 18.810943 0.088667 155.287987 0.968691
Prog_114 22.934699 0.291591 178.034698 1.927732
Prog_168 16.344463 2.483988 136.608135 21.103442
Prog_162 19.609878 3.045634 148.241796 28.754865
Prog_163 20.659982 2.561543 165.985276 26.982085
Prog_160 24.696705 3.094834 201.765637 34.192711
Prog_161 24.166601 0.49624 190.446102 6.504638
Prog_166 22.572615 2.595568 183.679907 28.274221
Prog_167 16.188157 3.166355 126.045988 29.896773
Prog_164 23.751989 3.583792 189.377606 42.116536
Prog_165 21.437194 0.158096 167.54412 1.727499
Prog_63 22.160904 0.389215 183.463306 4.252587
Prog_61 14.370648 0.061486 112.588991 0.67191
Prog_66 23.538068 0.468557 187.096832 5.118771
Prog_67 22.920381 0.314279 178.118586 2.887841
Prog_64 19.601542 0.279538 154.324711 1.537528
Prog_65 17.669239 2.525797 134.774554 25.756098
Prog_69 18.795486 0.286292 148.034414 3.128529
Prog_30 23.906456 0.399906 200.952226 4.369231
Prog_175 17.010076 0.16223 137.800268 0.720454
Prog_174 14.702867 3.465213 115.068236 33.556601
Prog_177 24.117468 0.330251 196.775396 3.607833
Prog_176 20.433594 0.466168 164.851342 3.426362
Prog_171 29.932446 0.385098 247.273911 4.207945
Prog_170 21.503236 0.270694 164.22555 2.957203
Prog_173 14.920867 3.356965 119.14154 31.442972
Prog_172 21.136612 0.0 164.42991 0.0
Prog_99 14.65238 0.210597 114.512352 2.300768
Prog_98 20.424412 2.597218 155.980862 27.00892
Prog_96 20.355517 2.771868 166.42578 27.469602
Prog_95 21.487324 0.268618 171.252733 0.912139
Prog_94 19.91447 2.715744 157.770743 28.162777
Prog_93 20.603798 3.294109 163.272802 31.003397
Prog_92 22.754058 0.161808 186.036464 1.76767
Prog_91 19.421766 3.641383 158.621072 37.522858
Prog_90 14.185495 3.030308 108.548852 28.008113
Prog_31 16.868451 0.189175 135.056363 1.981163
Prog_210 23.633804 3.172122 189.723499 33.072026
Prog_33 18.252413 3.1347 145.814246 36.054059
Prog_35 23.951894 0.638691 197.228029 6.978585
Prog_34 23.548647 4.355644 180.983896 44.50725
Prog_37 26.483426 0.480171 212.767209 5.245991
Prog_36 21.561618 4.798071 165.815109 47.413938
Prog_39 11.729499 1.992765 95.335655 21.026606
Prog_38 22.845919 4.72101 178.725943 44.289397
Prog_212 21.807263 3.914166 182.05967 41.338379
Prog_213 22.29824 2.872074 178.247241 29.502642
Prog_214 20.637419 3.261625 163.775237 31.410911
Prog_215 19.590579 2.734697 161.686621 27.10785
Prog_180 26.598555 0.265587 216.881493 2.901471
Prog_181 17.688862 3.198489 134.182588 30.589357
Prog_182 15.935539 3.922898 121.172595 34.94446
Prog_183 22.189307 2.944959 168.798818 26.705986
Prog_184 18.894969 2.853274 145.181792 27.969236
Prog_185 21.025336 0.372567 168.160582 2.920032
Prog_186 16.045958 0.317214 132.710246 2.32164
Prog_187 16.04499 0.252671 136.098877 1.396984
Prog_188 14.808047 2.287036 106.076206 20.873723
Prog_189 22.687794 4.119775 184.66756 36.813797
Prog_108 18.827534 0.244027 154.228297 1.075585
Prog_109 19.218675 0.310325 163.219084 3.390837
Prog_88 18.56916 0.135812 143.789909 1.484048
Prog_89 16.072447 2.555821 134.176693 24.142118
Prog_100 21.043845 0.486091 166.845757 2.802988
Prog_85 22.112707 2.723928 172.767133 27.105932
Prog_86 23.624855 2.948005 188.466 30.051535
Prog_87 20.136411 0.263345 158.371137 0.789193
Prog_104 20.057948 0.255127 154.919026 1.218771
Prog_105 19.543977 3.153445 155.894049 27.986099
Prog_106 2.786635 3.153696 18.616662 27.955139
Prog_107 17.723793 3.619184 147.52748 34.023963
Prog_28 23.012899 4.089447 188.481666 44.193259
Prog_29 16.741571 0.321669 133.022506 2.318434
Prog_26 14.947801 2.600051 127.200237 26.567114
Prog_27 19.165534 3.058206 164.853993 35.840239
Prog_24 22.005118 0.342796 171.666017 6.184322
Prog_25 17.447065 3.014056 131.805337 31.278612
Prog_22 24.740925 4.618372 205.727638 46.775054
Prog_23 16.769765 0.146444 125.801673 0.904129
Prog_20 22.014119 6.157463 191.087771 66.975319
Prog_21 15.462128 3.421077 120.752381 32.823544
Prog_193 23.539624 0.217455 187.510037 2.375219
Prog_192 16.75904 3.048214 127.037898 31.498703
Prog_191 19.327686 3.09766 156.84278 31.097164
Prog_190 23.76757 0.441643 185.57773 5.878523
Prog_197 25.13736 3.520822 197.159475 36.699204
Prog_196 18.020969 0.157312 138.4882 1.368088
Prog_195 24.225173 0.500473 198.913873 1.848926
Prog_194 25.512331 0.155938 183.073009 1.703587
Prog_199 20.621294 3.490707 166.518972 33.285518
Prog_198 20.6667 3.393593 168.973709 32.256279
Prog_77 19.241777 0.225237 149.859945 0.808507
Prog_119 21.614753 0.396212 179.625654 4.328434
Prog_118 22.688865 3.357887 184.370909 36.888693
Prog_113 18.89251 2.849379 158.151951 24.468549
Prog_71 21.862327 3.034089 166.106585 29.749995
Prog_111 19.957826 3.928611 150.085535 37.482276
Prog_110 18.933036 0.305003 152.625335 1.752063
Prog_117 19.680304 0.066859 154.67976 0.73068
Prog_116 17.88472 3.322313 146.249788 31.567701
Prog_115 20.65341 3.951938 168.299826 37.952056
Prog_152 13.573714 0.222291 118.370324 1.418843
Prog_59 18.26871 3.890253 134.455139 36.93659
Prog_58 17.111611 3.337639 132.570484 31.735162
Prog_73 16.531593 2.575017 120.713248 25.450586
Prog_53 25.652842 0.512258 209.971462 5.595967
Prog_52 21.885489 4.258558 173.786674 44.992432
Prog_51 20.476015 3.135061 165.506896 31.81659
Prog_50 14.304012 2.660901 107.116444 27.254655
Prog_55 12.618253 3.052778 97.958187 28.656163
Prog_54 18.598849 4.855673 154.852351 42.129622
Prog_112 19.279148 0.253078 155.675019 2.764748
Prog_203 24.410415 3.255228 201.649343 30.005072
Prog_202 18.135536 0.306336 141.491637 3.346009
Prog_201 21.300657 2.644288 176.136799 25.928492
Prog_200 26.936205 0.228141 219.196596 3.036701
Prog_207 21.018888 0.352573 173.608388 2.656046
Prog_206 18.195758 2.757292 149.744846 25.395316
Prog_205 16.5595 2.961334 133.485372 29.186757
Prog_204 21.683926 3.866808 170.175291 37.071182
Prog_209 22.057314 0.009185 174.977972 0.100328
Prog_208 26.049851 0.358299 206.207184 3.914508
Prog_211 24.836539 0.347256 202.86769 3.792432
Prog_128 20.121619 3.878982 158.320157 40.4132
Prog_129 17.312388 0.172729 151.478177 1.887182
Prog_127 22.591255 3.504357 177.583673 37.868153
Prog_124 17.717775 3.50792 139.750673 32.766884
Prog_125 20.266248 5.325587 168.229978 46.260554
Prog_122 23.618536 0.307122 201.566929 3.355486
Prog_123 25.228367 0.38182 211.803084 4.171914
Prog_120 19.200028 2.870264 152.409321 26.845482
Prog_121 19.862963 0.282485 167.816574 3.087282
Prog_48 23.239696 2.996994 188.719235 29.479808
Prog_49 22.367228 4.00835 182.290913 39.538667
Prog_40 22.485988 4.199585 181.172401 39.444366
Prog_41 26.453115 4.390724 211.555416 45.380944
Prog_42 15.097179 0.196249 109.965037 0.645279
Prog_43 17.03548 0.183417 132.033036 2.004079
Prog_44 19.490917 0.176742 153.764556 0.392782
Prog_45 21.992518 4.079667 166.502897 41.253451
Prog_46 19.594848 4.739894 154.89567 43.931862
Prog_47 0.0 0.0 0.0 0.0
Prog_150 23.091566 4.416899 180.053097 43.267646
Prog_131 21.318017 5.009166 169.671409 45.781268
Prog_130 21.989383 0.442823 177.771556 4.83845
Prog_133 19.718033 0.246477 154.651054 2.692958
Prog_132 22.743134 0.464343 203.538577 5.073433
Prog_135 17.384416 2.533564 139.791923 29.103969
Prog_134 22.310488 0.279334 174.728498 3.051784
Prog_137 16.452098 2.501445 124.154073 23.67397
Prog_136 16.815535 2.54862 124.952839 26.274008
Prog_139 19.739145 0.094789 158.40146 1.035953
Prog_84 21.524617 3.593496 178.83936 38.895795
Prog_101 19.6142 2.444239 157.961703 23.488704
Prog_102 16.973447 2.561893 130.77439 28.598577
Prog_103 23.294287 0.182426 189.094929 1.992875
Prog_80 0.0 0.0 0.0 0.0
Prog_81 16.077566 2.480971 130.6061 24.105036
Prog_144 23.22079 0.0 186.368645 0.0
Prog_145 23.553509 0.26462 187.899646 2.890567
Prog_146 16.54974 3.157208 136.243898 33.020569
Prog_147 17.32583 2.750203 133.970204 28.133879
Prog_140 21.147155 0.20213 172.948948 2.208658
Prog_141 20.14051 0.12279 150.992743 1.341494
Prog_142 25.603622 0.254027 198.893069 2.775024
Prog_83 0.120736 0.07308 1.30997 0.798647
Prog_148 26.405694 0.0 212.804464 0.0
