IACSP95-3018 0.100723 30.269566 0.856587 208.149218
IACSP95-3018 0.0 34.119874 0.0 238.792067
IACSP95-3018 0.0 27.266231 0.0 187.956088
IACSP95-3018 0.244725 23.644477 0.500212 156.864154
IACSP95-3018 0.0 29.858448 0.0 209.284251
IACSP95-3018 0.0 28.883045 0.0 210.306039
IACSP95-3018 1.069786 0.0 7.952455 0.0
IACSP95-3018 0.0 11.369655 0.0 71.402983
IACSP95-3018 0.0 26.716 0.0 177.707716
IACSP95-3018 0.0 33.172061 0.0 220.353902
IACSP95-3018 0.0 23.250462 0.0 161.587159
IACSP95-3018 0.0 30.01497 0.0 200.868643
IACSP93-3046 9.201291 21.941023 77.70938 163.109184
IACSP93-3046 8.443708 21.793589 71.988394 143.201652
IACSP93-3046 9.02879 22.559554 71.89541 148.699427
IACSP93-3046 9.285408 21.849856 85.290642 162.728957
IACSP93-3046 9.441547 23.87463 70.368016 166.714762
IACSP93-3046 11.514594 27.369135 103.672355 194.415362
IACSP93-3046 13.182044 29.770975 98.81719 201.728132
IACSP93-3046 6.79277 18.197149 64.493655 121.817979
IACSP93-3046 7.858198 19.68203 65.132285 124.877434
IACSP93-3046 10.856586 24.025564 94.453882 170.913313
IACSP93-3046 14.434549 33.637699 123.182011 239.081954
IACSP93-3046 9.888398 22.060285 93.821685 159.513269
