IACSP95-3018 0.0 17.671721 0.0 127.01978
IACSP95-3018 0.0 8.491049 0.0 60.978713
IACSP95-3018 0.0 18.372185 0.0 132.068701
IACSP95-3018 0.0 14.427258 0.0 106.34349
IACSP95-3018 0.0 16.63879 0.0 119.1893
IACSP95-3018 0.0 13.168378 0.0 98.786122
IACSP95-3018 0.0 17.284045 0.0 122.58206
IACSP95-3018 0.0 15.187536 0.0 113.507353
IACSP95-3018 0.0 19.919127 0.0 146.855578
IACSP95-3018 0.0 13.311153 0.0 99.570653
IACSP95-3018 0.0 10.754024 0.0 78.507928
IACSP95-3018 0.0 5.071993 0.0 36.533421
IACSP93-3046 1.001598 4.909077 6.955198 41.776922
IACSP93-3046 2.625449 11.005498 16.687518 81.123483
IACSP93-3046 1.997462 9.44478 13.32527 68.865674
IACSP93-3046 1.76049 8.581188 11.795391 61.140905
IACSP93-3046 2.838015 15.147139 17.523972 116.531167
IACSP93-3046 0.983905 4.622939 9.189444 42.719581
IACSP93-3046 2.655117 12.739582 18.816901 89.532058
IACSP93-3046 1.661108 7.634016 11.517149 53.795103
IACSP93-3046 2.023151 9.85153 14.360515 74.224912
IACSP93-3046 3.960976 17.778638 27.612083 133.847243
IACSP93-3046 2.642783 12.081031 18.243558 89.283219
IACSP93-3046 1.42107 7.82245 10.578476 63.038335
