Prog_157 35.34841 0.585614 270.03941 5.669045
Prog_156 36.460929 5.559541 273.559931 68.620739
Prog_155 43.593737 6.354297 356.426169 81.458354
Prog_76 14.481157 1.85753 110.334663 19.389608
Prog_153 16.868678 2.884856 124.268869 26.457221
Prog_70 36.7949 0.746315 266.915199 7.224475
Prog_151 28.844559 3.585514 201.60709 35.407261
Prog_72 36.343364 0.0 275.161308 0.0
Prog_79 28.44179 0.0 210.785102 0.0
Prog_78 26.120342 0.0 200.748766 0.0
Prog_159 13.464098 0.0 113.173701 0.0
Prog_158 24.550974 3.929236 194.425868 47.72821
Prog_17 24.268663 4.854816 182.908851 46.345007
Prog_18 30.191911 3.692755 233.865972 46.579945
Prog_114 31.503736 4.386898 235.063048 47.919568
Prog_168 24.575848 3.652879 201.427396 50.431342
Prog_162 26.85191 2.558141 182.465329 27.414844
Prog_163 30.902253 4.454678 229.651735 48.880278
Prog_160 23.296327 3.09825 179.298548 34.105323
Prog_161 22.525375 2.478796 169.4514 31.163871
Prog_166 18.646504 2.058223 155.243999 30.337729
Prog_167 30.191827 4.143152 246.467763 59.110944
Prog_164 33.364217 0.481326 249.938401 4.661097
Prog_165 37.46464 0.3953 296.005305 3.827027
Prog_63 32.801071 4.991408 262.66514 59.042563
Prog_61 20.977043 3.187298 151.83937 33.625426
Prog_66 26.061936 3.268833 201.079813 32.617766
Prog_67 30.223047 0.0 227.139592 0.0
Prog_64 33.855059 5.44207 247.65218 65.641956
Prog_65 17.211865 2.026447 129.237108 23.930748
Prog_69 28.41597 3.652614 213.703148 41.244922
Prog_30 37.087085 0.873804 284.173694 14.656567
Prog_175 28.763745 3.614159 236.466785 37.685843
Prog_174 45.304231 6.402027 350.838589 72.046642
Prog_177 26.261944 3.378366 207.232709 42.442082
Prog_176 39.23684 0.426507 286.645975 4.129164
Prog_171 22.555912 3.273072 178.033028 37.711907
Prog_170 29.780734 0.0 229.131278 0.0
Prog_173 23.017834 4.023451 177.234128 46.618319
Prog_172 29.313666 0.0 236.935002 0.0
Prog_99 34.97664 5.389446 243.757501 53.605684
Prog_98 19.10004 3.359087 155.164916 41.587224
Prog_96 25.362801 3.207737 191.761768 37.486349
Prog_95 31.232941 0.555165 238.728732 5.374714
Prog_94 22.428728 0.0 166.526967 0.0
Prog_93 35.233485 0.258578 275.38791 2.502406
Prog_92 23.963479 3.411153 192.600635 42.203329
Prog_91 20.162475 0.0 161.955681 0.0
Prog_90 26.141788 4.203554 208.698199 52.851367
Prog_31 31.571752 5.307784 253.899655 55.851695
Prog_210 35.091084 4.110253 271.916856 51.529133
Prog_33 22.457712 0.0 201.041877 0.0
Prog_35 26.571466 3.957262 194.096613 40.166272
Prog_34 35.722489 0.0 292.34258 0.0
Prog_37 35.138535 0.0 273.416403 0.0
Prog_36 31.084483 4.915447 230.405779 57.940431
Prog_39 41.987724 6.166216 327.3102 74.210394
Prog_38 31.987846 1.227323 232.582012 16.429676
Prog_212 36.125504 0.0 283.109088 0.0
Prog_213 27.313897 0.0 213.077349 0.0
Prog_214 33.285605 0.624271 262.238919 6.043034
Prog_215 34.572432 3.976823 268.357576 52.534033
Prog_180 41.623172 1.809682 315.147365 21.478316
Prog_181 38.263865 0.382178 286.305199 3.701615
Prog_182 26.629197 0.539724 203.667303 5.223952
Prog_183 25.135793 3.55767 202.69476 43.382568
Prog_184 26.997545 0.0 205.05685 0.0
Prog_185 19.215788 2.531949 147.083832 31.616483
Prog_186 26.483786 0.162204 215.999554 1.570738
Prog_187 22.35501 0.0 175.130861 0.0
Prog_188 27.942315 3.122738 202.469892 36.193054
Prog_189 26.727141 0.0 208.431331 0.0
Prog_108 19.465301 2.374991 161.893502 29.597779
Prog_109 28.619179 0.061823 214.703134 0.598568
Prog_88 43.813789 2.555042 340.808608 25.460164
Prog_89 22.940994 3.722279 168.161927 40.665513
Prog_100 33.756264 5.133494 254.987343 57.306681
Prog_85 29.253067 0.388824 225.827771 3.764927
Prog_86 30.606739 0.0 233.894274 0.0
Prog_87 33.868801 5.939974 253.34203 64.485282
Prog_104 33.288421 0.689168 250.287952 6.66951
Prog_105 25.994037 3.16983 191.216889 32.574914
Prog_106 25.842042 0.385307 211.81931 3.729692
Prog_107 29.294075 0.462003 215.530236 4.470335
Prog_28 41.598342 0.78935 339.896353 7.642657
Prog_29 26.821522 3.303888 218.407858 44.088612
Prog_26 26.995655 3.310449 213.730135 46.46115
Prog_27 30.257416 3.865349 250.516924 50.476363
Prog_24 35.411901 4.794333 290.248166 64.963427
Prog_25 44.117714 0.897801 370.589627 8.690994
Prog_22 35.352494 0.311634 288.721487 3.017493
Prog_23 29.247669 3.286581 220.135069 39.700997
Prog_20 27.143609 4.071259 220.174275 47.900553
Prog_21 33.908073 1.099592 266.012407 16.837711
Prog_193 33.085229 4.095988 247.483377 45.523009
Prog_192 25.839743 0.139843 199.674931 1.353689
Prog_191 21.029565 0.0 158.546758 0.0
Prog_190 37.925187 0.459584 267.935418 4.449789
Prog_197 38.363813 0.0 297.728532 0.0
Prog_196 27.165606 0.0 206.83965 0.0
Prog_195 25.791879 3.513653 201.986014 42.035373
Prog_194 24.99725 3.154989 190.547278 35.853253
Prog_199 28.599684 3.513291 215.206023 41.390135
Prog_198 30.162915 0.0 233.723744 0.0
Prog_77 42.221052 6.914456 310.529619 75.633404
Prog_119 35.114455 5.121848 261.107133 61.611205
Prog_118 23.941093 4.367407 210.36022 57.914868
Prog_113 19.934572 0.383441 157.811402 3.712217
Prog_71 38.285969 0.0 302.931216 0.0
Prog_111 37.706838 0.0 291.88095 0.0
Prog_110 33.112768 4.775743 261.938047 60.157943
Prog_117 30.474072 3.868863 230.631747 39.822372
Prog_116 24.336193 3.512016 201.214287 43.759507
Prog_115 22.800141 0.0 174.725514 0.0
Prog_152 29.809767 4.647926 232.031727 56.231313
Prog_59 37.017654 0.913337 286.613843 8.84509
Prog_58 39.430501 5.277573 305.874562 63.164018
Prog_73 35.269683 0.10504 257.692637 1.01708
Prog_53 36.888029 6.145339 293.989566 65.592735
Prog_52 33.0277 0.0 248.434097 0.0
Prog_51 32.863787 4.944444 234.012787 51.484563
Prog_50 29.828247 0.0 221.998638 0.0
Prog_55 32.726928 4.10068 244.544035 56.364892
Prog_54 30.335114 4.073026 248.153893 54.055277
Prog_112 24.317253 0.0 186.282665 0.0
Prog_203 33.64404 0.034358 258.288422 0.332594
Prog_202 26.647144 0.319582 199.211428 3.093583
Prog_201 33.427394 4.268606 247.257369 43.67569
Prog_200 24.390422 0.0 187.86428 0.0
Prog_207 38.036215 0.0 290.482049 0.0
Prog_206 31.691873 0.0 255.047648 0.0
Prog_205 33.906803 3.764005 255.535733 44.128802
Prog_204 40.026822 0.722921 330.507564 6.999478
Prog_209 30.424034 3.420403 231.754296 39.693467
Prog_208 22.7 2.691841 169.054334 26.433176
Prog_211 41.13641 5.274595 308.281077 47.782613
Prog_128 26.184173 3.918983 208.434256 50.666508
Prog_129 26.288559 4.114672 216.646311 47.970108
Prog_127 31.740051 4.325952 256.633826 56.461268
Prog_124 36.979428 1.779528 296.206307 24.186731
Prog_125 29.859954 4.95702 237.866208 55.369668
Prog_122 39.996663 6.605035 334.083044 88.863649
Prog_123 37.183727 5.4665 294.595266 61.416136
Prog_120 29.645182 1.139112 232.004118 18.994149
Prog_121 29.111161 4.320678 238.842363 56.558409
Prog_48 16.577431 0.0 122.688685 0.0
Prog_49 27.846829 0.548883 212.247898 5.315207
Prog_40 28.570359 0.375157 218.977987 3.631845
Prog_41 26.378705 3.143998 196.475575 34.620923
Prog_42 42.60914 6.060771 315.926976 71.055664
Prog_43 46.60591 7.142513 387.437874 75.686123
Prog_44 36.749147 5.053305 266.50128 63.169274
Prog_45 40.21992 0.3381 301.578362 3.272929
Prog_46 24.498904 3.84031 204.014311 43.083461
Prog_47 26.139788 3.578977 212.899727 41.730026
Prog_150 45.313663 0.341012 335.071386 3.301706
Prog_131 33.729579 0.0 255.469445 0.0
Prog_130 26.730004 5.001017 225.340588 61.523399
Prog_133 33.877344 0.0 263.026416 0.0
Prog_132 40.549961 1.296754 314.93935 12.556336
Prog_135 39.436744 0.0 302.099574 0.0
Prog_134 32.2459 3.303172 255.408355 38.528726
Prog_137 45.322935 7.394005 356.60936 90.55682
Prog_136 31.699988 0.0 255.773417 0.0
Prog_139 45.915131 1.028025 334.317147 9.950618
Prog_84 38.972774 1.634633 300.267518 22.218487
Prog_101 37.016487 0.455514 268.284704 4.411364
Prog_102 29.021343 0.312402 224.292883 3.023506
Prog_103 33.95776 4.582668 261.996378 51.315737
Prog_80 28.662327 3.433392 209.646849 37.422378
Prog_81 17.806316 0.0 138.157124 0.0
Prog_144 28.350877 3.635272 213.720669 40.481393
Prog_145 37.134293 1.185792 292.110593 15.590217
Prog_146 44.728518 0.0 345.670647 0.0
Prog_147 34.008651 4.968571 277.114091 66.005643
Prog_140 23.812026 3.625965 188.095538 45.732708
Prog_141 38.932309 4.952259 307.667315 53.77522
Prog_142 35.337999 4.353867 267.212707 49.810073
Prog_83 0.599658 0.605689 3.255178 7.321446
Prog_148 35.333904 0.39943 261.111999 3.867519
