IACSP95-3018 3.086783 18.237243 21.476077 119.423695
IACSP95-3018 3.33385 19.838762 25.052535 138.693466
IACSP95-3018 3.861304 28.595948 31.239996 207.161382
IACSP95-3018 0.0 0.0 0.0 0.0
IACSP95-3018 4.14812 20.99467 30.595685 148.452971
IACSP95-3018 1.272008 6.139664 14.899437 52.029016
IACSP95-3018 3.397789 21.078108 27.066688 155.730944
IACSP95-3018 3.843329 20.887326 27.723752 144.651401
IACSP95-3018 2.907866 23.424758 23.571439 162.189822
IACSP95-3018 0.0 0.0 0.0 0.0
IACSP95-3018 3.10827 19.963039 22.980666 135.622498
IACSP95-3018 4.566318 25.584578 37.443314 190.864249
IACSP93-3046 0.0 17.880248 0.0 129.517373
IACSP93-3046 0.0 0.0 0.0 0.0
IACSP93-3046 0.0 21.75795 0.0 157.028115
IACSP93-3046 0.0 22.454287 0.0 162.865215
IACSP93-3046 0.0 26.621448 0.0 188.113125
IACSP93-3046 0.0 27.262416 0.0 195.264498
IACSP93-3046 0.0 22.496249 0.0 160.704158
IACSP93-3046 0.252304 15.720151 3.143493 106.462129
IACSP93-3046 0.0 18.838355 0.0 136.552271
IACSP93-3046 0.0 26.256984 0.0 183.743154
IACSP93-3046 0.0 27.190902 0.0 189.754423
IACSP93-3046 0.0 13.034159 0.0 97.385571
