Prog_157 0.343657 48.719361 1.726779 436.254937
Prog_156 3.900825 46.483071 29.080806 400.767791
Prog_155 4.076509 52.848954 31.631678 412.224742
Prog_76 0.484686 49.950132 2.878064 413.783967
Prog_153 3.542885 43.847681 26.09067 351.078154
Prog_70 0.339091 75.482759 1.485773 630.537067
Prog_151 0.76729 73.356272 5.629804 613.5974
Prog_72 0.816724 66.035238 5.437594 560.04968
Prog_79 0.365533 26.943594 1.848582 259.385428
Prog_78 0.0 68.815015 0.0 575.7748
Prog_159 0.815444 47.828499 4.914262 389.577694
Prog_158 0.519402 55.941456 3.03208 503.053497
Prog_17 3.251995 53.352703 24.453142 447.428059
Prog_18 3.219033 47.309816 23.258962 394.75807
Prog_114 3.06166 43.079206 21.895363 341.432179
Prog_168 4.389692 47.258409 33.955972 399.791279
Prog_162 5.219972 56.218785 36.448664 457.322677
Prog_163 5.577459 43.500099 40.581602 351.863625
Prog_160 4.454876 41.563697 33.222613 344.645199
Prog_161 0.368326 59.304383 2.003921 491.267278
Prog_166 5.412416 68.141304 42.138834 536.523607
Prog_167 4.273501 54.538737 30.092864 458.20814
Prog_164 0.561656 53.810499 3.397599 461.905533
Prog_165 0.478913 57.633946 3.68961 486.854463
Prog_63 5.707929 54.417683 38.994192 432.222399
Prog_61 4.107339 41.807411 32.518588 374.586708
Prog_66 7.065773 68.076011 52.63647 558.485189
Prog_67 0.822868 66.145248 4.424522 539.60879
Prog_64 7.462227 50.115393 55.181594 413.81041
Prog_65 0.516805 45.244408 3.110264 378.669857
Prog_69 0.178883 48.33193 0.65023 413.97407
Prog_30 0.617534 41.162222 4.436479 353.38575
Prog_175 5.102036 66.145073 36.627832 575.291323
Prog_174 5.159593 53.541965 38.093142 444.070914
Prog_177 3.837504 44.103094 30.104823 361.514611
Prog_176 0.338795 52.504311 2.901948 438.032841
Prog_171 0.353196 41.853581 1.997565 346.827589
Prog_170 0.629115 48.14473 4.396979 405.187079
Prog_173 0.551823 40.315311 4.727634 338.621192
Prog_172 4.253339 44.30165 30.827371 346.45638
Prog_99 0.737346 52.439257 3.204941 383.751939
Prog_98 0.508776 40.311477 2.716695 326.313627
Prog_96 0.440293 42.58933 2.387122 358.769774
Prog_95 0.405838 48.856432 2.486099 413.213127
Prog_94 6.133565 48.247049 47.500786 426.379008
Prog_93 2.836427 35.240788 23.503388 309.466698
Prog_92 3.976641 48.788698 27.192625 398.318289
Prog_91 0.588063 45.775936 2.810368 380.067065
Prog_90 1.00485 13.442541 7.783991 113.76864
Prog_31 0.014836 36.526472 0.127043 314.062721
Prog_210 5.204442 51.987671 36.091488 400.521285
Prog_33 4.048666 59.641179 28.657271 482.320862
Prog_35 0.520096 75.007761 3.421926 636.706692
Prog_34 3.485332 58.870346 24.977351 490.012823
Prog_37 0.522327 56.518589 2.851955 425.432718
Prog_36 0.610524 64.242441 3.453387 508.281756
Prog_39 0.396858 44.70922 1.861747 388.925091
Prog_38 0.389409 61.080481 2.464324 496.252441
Prog_212 4.91924 56.62074 34.818273 431.342165
Prog_213 0.0 0.0 0.0 0.0
Prog_214 3.888263 52.438895 26.940185 428.544948
Prog_215 2.786723 35.031313 19.349945 277.464039
Prog_180 7.694615 62.571838 54.890624 509.225261
Prog_181 0.514999 61.105662 1.781766 506.356267
Prog_182 0.493561 55.70601 3.200529 452.56745
Prog_183 0.695388 48.715662 4.968223 381.387147
Prog_184 0.669279 53.119294 3.156007 449.643585
Prog_185 0.570125 64.625512 4.31205 514.561829
Prog_186 0.96626 72.284006 5.290188 606.047223
Prog_187 0.663623 44.540647 3.421536 368.474981
Prog_188 2.229013 31.994248 16.482716 258.305286
Prog_189 0.240085 44.67785 2.056844 358.178731
Prog_108 0.585276 53.589057 4.241927 462.070515
Prog_109 5.286108 63.74935 37.612762 528.46245
Prog_88 4.455283 48.848395 32.901798 402.895202
Prog_89 1.975363 34.628258 14.927699 286.239505
Prog_100 0.651761 50.50387 3.251658 406.164341
Prog_85 0.431647 42.364092 1.719274 382.160073
Prog_86 2.355577 28.523425 20.597624 230.74243
Prog_87 4.894578 53.277037 36.043377 442.419424
Prog_104 0.810553 45.327327 4.756214 389.225127
Prog_105 3.777471 49.783691 28.610501 393.768619
Prog_106 3.141635 42.531136 23.887431 356.535913
Prog_107 3.709547 53.54278 23.936125 447.286418
Prog_28 2.942129 53.659925 20.135356 452.608135
Prog_29 1.886758 51.954394 12.910508 448.901392
Prog_26 0.684732 79.420025 3.885785 633.322777
Prog_27 0.707799 59.025208 6.956796 503.265399
Prog_24 1.114698 63.8291 6.866475 521.492416
Prog_25 3.66272 55.155198 26.66006 481.687408
Prog_22 6.944818 60.525601 47.904622 506.510339
Prog_23 0.481522 57.619365 2.864067 485.675203
Prog_20 0.827081 66.279601 5.280754 551.306825
Prog_21 0.65415 70.744618 4.096589 601.862733
Prog_193 5.035434 58.646823 35.914249 515.528716
Prog_192 0.723238 64.982634 3.683208 549.866531
Prog_191 6.22894 55.1637 43.043519 444.215636
Prog_190 0.59046 52.458503 3.718365 411.487711
Prog_197 0.735669 54.173489 4.628251 447.268294
Prog_196 0.830478 59.104096 4.496366 454.441053
Prog_195 0.681788 57.451844 3.393246 492.842032
Prog_194 0.570972 56.255082 2.766516 467.188306
Prog_199 0.461104 54.844253 2.014422 428.354036
Prog_198 4.311884 49.628632 32.913311 408.709496
Prog_77 0.473001 44.625763 2.637293 397.124236
Prog_119 0.570523 71.94555 4.888587 622.707878
Prog_118 0.33299 74.643451 1.435784 596.149738
Prog_113 4.577708 56.547122 28.766204 484.353735
Prog_71 4.328616 34.839908 31.493325 310.052952
Prog_111 0.384503 51.272059 2.38332 449.949177
Prog_110 2.895013 43.230683 21.631687 384.58062
Prog_117 0.566996 62.985359 3.748022 495.359683
Prog_116 0.508779 51.678045 2.530744 446.420024
Prog_115 5.368198 53.703193 38.239503 471.825491
Prog_152 5.539257 54.266573 42.717814 468.62812
Prog_59 4.42166 54.905964 30.886232 465.529697
Prog_58 3.656065 41.639729 25.793437 360.304112
Prog_73 0.975411 81.016261 5.467407 716.525764
Prog_53 0.612489 51.550735 3.451825 428.891741
Prog_52 2.219182 37.225389 16.307106 296.297354
Prog_51 0.797665 66.293221 4.131644 498.927663
Prog_50 0.520697 55.115474 2.654321 430.578636
Prog_55 1.965208 38.722643 14.954215 334.895183
Prog_54 3.091566 48.275559 19.900125 399.020189
Prog_112 0.79442 47.891019 3.532291 421.605884
Prog_203 0.550525 65.270665 3.160501 534.404805
Prog_202 0.513697 50.980335 4.079716 412.516931
Prog_201 2.935844 38.750387 19.503937 337.787181
Prog_200 0.068041 40.175451 0.582978 310.972909
Prog_207 0.653432 55.085552 3.285313 454.452752
Prog_206 6.213048 49.393649 48.942241 425.100229
Prog_205 0.411255 56.974695 1.705305 478.518099
Prog_204 3.018572 32.684459 23.959375 258.136262
Prog_209 0.0 57.386184 0.0 467.722167
Prog_208 4.217944 54.912407 29.634311 482.48753
Prog_211 0.0 0.0 0.0 0.0
Prog_128 4.774727 53.643371 34.649466 447.542695
Prog_129 4.011388 66.607011 31.309744 541.082741
Prog_127 0.0 53.263669 0.0 476.675906
Prog_124 0.808026 54.058534 4.937086 432.662589
Prog_125 2.810891 47.138541 21.487373 402.276053
Prog_122 0.0 51.205084 0.0 430.890032
Prog_123 1.030655 68.951979 6.418853 573.098592
Prog_120 4.108489 48.775607 30.948129 398.86793
Prog_121 0.552401 68.002386 4.181594 552.703642
Prog_48 4.553041 68.157472 32.656856 549.871873
Prog_49 0.543126 68.767316 2.7098 591.184375
Prog_40 0.0 21.148906 0.0 182.933457
Prog_41 0.693227 56.245177 4.007306 462.962973
Prog_42 0.538532 58.352249 3.315242 478.320922
Prog_43 0.482255 67.824984 2.367925 581.434537
Prog_44 3.903843 67.650332 27.542103 539.77855
Prog_45 4.83503 60.216155 33.256781 496.170063
Prog_46 3.674533 51.105868 27.779319 437.093256
Prog_47 0.288889 39.3185 1.211181 322.423389
Prog_150 0.737513 67.708999 4.521645 541.975837
Prog_131 0.704317 66.55321 3.736207 493.525502
Prog_130 0.571712 60.434844 4.277997 492.955202
Prog_133 0.522151 70.22536 2.925014 599.582587
Prog_132 5.300209 55.36498 35.843562 464.157805
Prog_135 7.018523 64.300557 49.277537 505.104581
Prog_134 0.607307 58.946733 2.150609 489.958422
Prog_137 0.462532 39.990764 1.761867 379.547854
Prog_136 0.574322 48.690403 3.454252 420.177248
Prog_139 0.42119 63.355444 1.280987 550.54683
Prog_84 0.0 70.613393 0.0 565.757374
Prog_101 2.79607 33.942419 21.978488 272.323042
Prog_102 0.721747 54.577637 5.42899 488.702766
Prog_103 3.134838 50.198713 20.005842 405.870056
Prog_80 0.410495 48.497241 1.972197 401.216832
Prog_81 2.982305 47.395543 20.392671 395.96294
Prog_144 0.640721 63.094864 3.385376 517.577242
Prog_145 4.847327 44.261169 37.298346 374.345233
Prog_146 0.541371 63.3913 5.005733 546.344663
Prog_147 7.185926 61.324084 53.26049 509.952111
Prog_140 0.823583 58.4211 4.599996 494.111112
Prog_141 5.548069 56.589053 42.303362 471.194659
Prog_142 0.153705 56.136917 1.317041 486.615054
Prog_83 0.441474 20.738781 1.821243 156.996739
Prog_148 1.028981 63.73712 11.218832 487.958885
