Prog_157 3.364259 28.080117 26.385385 223.699874
Prog_156 0.0 37.772088 0.0 306.129816
Prog_155 2.379027 24.291161 17.311258 189.449388
Prog_76 4.15706 34.128486 27.322558 252.345639
Prog_153 5.571076 34.843566 39.49477 291.735207
Prog_70 6.089841 30.907542 43.168725 247.347052
Prog_151 0.0 42.083017 0.0 333.36153
Prog_72 0.0 0.748333 0.0 3.03421
Prog_79 4.000769 26.395999 29.841115 190.639812
Prog_78 4.231162 39.726252 26.276631 303.497557
Prog_159 2.946552 26.710716 19.600188 204.288455
Prog_158 4.879323 30.089572 34.422351 228.88521
Prog_17 4.807285 32.56756 39.656721 251.823433
Prog_18 0.0 36.591096 0.0 299.470754
Prog_114 2.975804 21.751001 27.455009 172.393117
Prog_168 0.213451 34.022007 0.8179 264.41087
Prog_162 2.316981 19.494861 16.480102 171.429843
Prog_163 0.0 31.857379 0.0 257.712196
Prog_160 0.152333 43.453672 0.465761 346.25789
Prog_161 3.0182 32.088252 22.17433 268.064288
Prog_166 0.440758 36.280534 2.530526 281.484173
Prog_167 3.316018 25.294426 25.28649 194.855504
Prog_164 4.273615 27.413156 34.645845 220.307689
Prog_165 4.426285 34.580888 34.483173 267.744298
Prog_63 0.0 25.833019 0.0 212.774845
Prog_61 0.0 17.175212 0.0 139.526574
Prog_66 0.310942 38.189542 2.864628 296.219981
Prog_67 0.0 14.282157 0.0 129.160191
Prog_64 0.304848 32.503655 1.105505 269.006547
Prog_65 3.61964 29.58129 26.204983 244.550391
Prog_69 0.0 29.168736 0.0 236.521526
Prog_30 2.687555 31.682789 21.256555 248.559073
Prog_175 0.0 36.019061 0.0 289.134173
Prog_174 5.959683 34.356908 40.214764 276.042051
Prog_177 0.144664 34.979925 1.332795 301.101408
Prog_176 0.402059 30.7773 2.407161 251.939044
Prog_171 4.981454 31.24316 36.183903 246.200833
Prog_170 0.001969 30.744426 0.018151 252.995322
Prog_173 5.887209 31.302724 45.288705 243.79582
Prog_172 0.403092 28.287599 1.76784 229.648505
Prog_99 0.456931 38.583273 1.969165 305.893988
Prog_98 0.177243 29.768554 1.633108 230.54191
Prog_96 0.370371 27.957124 1.906582 227.452741
Prog_95 0.008691 20.623709 0.080086 166.17677
Prog_94 0.0 36.201416 0.0 284.8968
Prog_93 6.983106 33.913563 54.311903 266.114965
Prog_92 0.310772 30.417601 1.541532 242.774507
Prog_91 0.131478 35.463403 1.211419 273.814032
Prog_90 3.225217 26.691319 25.029932 213.895557
Prog_31 4.376583 33.676746 31.510507 264.538949
Prog_210 0.209937 27.638005 0.810962 219.080931
Prog_33 0.0 33.587024 0.0 276.189891
Prog_35 0.227088 42.837767 2.092429 333.312913
Prog_34 6.054155 29.948123 49.372967 232.938883
Prog_37 0.0 42.318717 0.0 329.367161
Prog_36 4.584338 37.572339 33.34184 292.696548
Prog_39 5.030659 39.061859 33.947084 306.66001
Prog_38 0.165707 38.321028 1.144154 286.470445
Prog_212 0.0 21.350301 0.0 170.717354
Prog_213 0.0 14.520011 0.0 120.375712
Prog_214 0.0 10.934361 0.0 97.041761
Prog_215 0.0 20.369647 0.0 160.688106
Prog_180 0.0 25.504986 0.0 207.617407
Prog_181 0.322527 25.570166 1.300176 205.564155
Prog_182 0.388128 33.195064 1.536409 273.224006
Prog_183 2.512966 22.261065 18.846298 187.662624
Prog_184 4.586399 28.503561 31.438876 227.034193
Prog_185 0.205405 25.199724 1.440718 201.934603
Prog_186 0.252893 33.439474 0.850833 283.802052
Prog_187 3.333302 29.324862 22.078783 232.741779
Prog_188 3.735199 22.018523 27.722958 180.150019
Prog_189 0.114442 34.119159 0.485955 270.657257
Prog_108 0.230597 28.718785 2.124475 224.556803
Prog_109 0.0 28.380415 0.0 225.586756
Prog_88 0.0 39.125349 0.0 315.012755
Prog_89 0.0 23.214304 0.0 181.798993
Prog_100 1.044109 14.24217 7.751355 113.456186
Prog_85 0.0 30.884576 0.0 241.769546
Prog_86 6.423095 35.831045 48.457775 272.285729
Prog_87 3.178344 39.050326 21.885754 288.408193
Prog_104 3.865821 21.493157 29.378014 169.977544
Prog_105 0.0 27.235545 0.0 215.887348
Prog_106 3.471792 24.302427 28.038398 190.129703
Prog_107 0.0 29.501885 0.0 227.934234
Prog_28 8.434334 36.288102 60.349797 279.368344
Prog_29 0.007254 32.685362 0.066848 284.479445
Prog_26 6.003671 26.77872 48.177271 231.169013
Prog_27 1.883843 27.437104 17.262815 217.754422
Prog_24 0.0 46.864903 0.0 368.174581
Prog_25 5.17269 35.860827 36.623133 280.23452
Prog_22 5.873815 32.934504 45.729839 279.882512
Prog_23 5.665086 37.627591 40.3951 288.274416
Prog_20 5.361328 43.382335 40.245376 340.057602
Prog_21 0.626787 35.341507 3.56658 256.148528
Prog_193 5.082281 21.406324 36.851385 171.196513
Prog_192 0.247816 29.817116 1.245152 251.098927
Prog_191 4.768925 30.396828 35.041626 242.744802
Prog_190 5.077705 40.546999 34.751128 311.655301
Prog_197 0.024639 23.042157 0.226902 186.014457
Prog_196 2.084091 18.673277 13.089842 153.716868
Prog_195 0.0 23.729728 0.0 187.477815
Prog_194 4.523896 28.126301 32.607896 223.12973
Prog_199 0.0 32.417303 0.0 253.231204
Prog_198 0.0 25.555215 0.0 215.631939
Prog_77 3.897925 27.33931 29.004422 218.219338
Prog_119 7.851275 32.132888 62.485106 252.240938
Prog_118 0.093475 47.299449 0.528414 360.896929
Prog_113 1.537684 19.266307 11.698961 152.242694
Prog_71 3.500731 31.9204 23.246282 247.546428
Prog_111 0.015608 27.950195 0.143806 216.880972
Prog_110 5.188961 27.57615 41.202626 221.174369
Prog_117 0.0 23.231636 0.0 188.546921
Prog_116 4.49286 32.552054 31.878659 242.931395
Prog_115 0.208729 22.889488 1.08396 181.323604
Prog_152 0.274449 29.319279 1.51913 238.856731
Prog_59 4.86677 36.645378 40.040152 287.23199
Prog_58 4.837606 37.476692 38.098779 300.703032
Prog_73 0.458631 30.8045 3.059312 245.419657
Prog_53 3.336299 39.690419 24.244924 312.922705
Prog_52 0.0 45.094381 0.0 334.125578
Prog_51 3.553618 34.095382 25.443071 261.617118
Prog_50 0.0 39.298236 0.0 315.23538
Prog_55 0.0 30.733228 0.0 244.012909
Prog_54 3.803345 37.847654 29.758991 294.119123
Prog_112 2.223721 22.505101 18.246114 179.84156
Prog_203 2.926879 28.205736 22.746969 211.49476
Prog_202 0.0 19.300391 0.0 149.14054
Prog_201 2.869383 18.421464 22.186254 139.88034
Prog_200 7.479916 32.760896 56.710716 257.366554
Prog_207 0.0 23.050268 0.0 186.729777
Prog_206 2.48477 29.245639 17.857126 233.398789
Prog_205 8.658625 25.785655 64.274544 203.406037
Prog_204 0.0 20.447656 0.0 157.021699
Prog_209 2.469404 12.903711 19.477986 102.70514
Prog_208 0.022684 22.02511 0.208969 170.947602
Prog_211 0.001631 24.117312 0.015017 190.347314
Prog_128 0.879171 39.120773 6.680061 303.501592
Prog_129 5.313321 29.225082 38.345929 246.240093
Prog_127 2.842294 32.688137 21.614525 246.901716
Prog_124 0.0 52.011185 0.0 410.452685
Prog_125 4.418861 38.684329 31.765545 305.099559
Prog_122 0.050875 43.376264 0.468767 343.208259
Prog_123 0.430972 41.214906 2.249875 338.414708
Prog_120 0.198887 46.204314 0.694394 361.068269
Prog_121 2.274616 33.627313 14.636296 291.471739
Prog_48 2.469442 19.036667 16.135313 151.743993
Prog_49 6.814271 33.301942 49.533719 261.061778
Prog_40 3.502299 29.642371 23.08111 240.602485
Prog_41 3.823942 38.411955 29.829626 302.782698
Prog_42 0.713701 40.811301 3.903144 320.69469
Prog_43 0.0 41.743165 0.0 333.994879
Prog_44 0.081854 30.18954 0.086685 253.604733
Prog_45 0.117901 48.870205 1.086654 369.69722
Prog_46 0.458586 32.702533 1.37703 256.272999
Prog_47 7.665736 29.754402 55.51072 227.993534
Prog_150 0.0 38.028139 0.0 305.74119
Prog_131 4.370734 38.047268 33.304286 302.478326
Prog_130 2.248989 14.346342 17.127576 119.911602
Prog_133 0.007821 35.884871 0.072093 296.848828
Prog_132 0.0 33.227205 0.0 274.029304
Prog_135 4.469902 32.873976 36.518039 253.353066
Prog_134 0.161999 21.916333 1.492641 179.324133
Prog_137 0.217938 15.04613 1.141033 119.342669
Prog_136 0.611104 40.72323 2.174116 290.299641
Prog_139 5.110539 38.585463 36.587942 302.904306
Prog_84 2.534816 31.015211 16.659855 238.770456
Prog_101 3.204491 25.224801 27.593313 199.745909
Prog_102 0.461575 33.482798 2.952152 261.90379
Prog_103 3.262649 29.417984 26.7034 236.290335
Prog_80 5.263597 24.628632 37.128841 190.370064
Prog_81 0.178456 41.283389 0.638649 322.576663
Prog_144 3.058086 23.949979 23.076349 194.721221
Prog_145 3.537113 28.002265 25.512678 229.985498
Prog_146 5.238583 37.954662 38.23747 303.382915
Prog_147 2.509716 21.634043 17.940245 170.191575
Prog_140 4.397409 30.060755 29.01869 240.468884
Prog_141 0.083885 50.443674 0.772914 398.51868
Prog_142 0.188056 32.410799 1.513342 236.068409
Prog_83 1.556329 38.193709 10.802011 297.11019
Prog_148 4.219875 31.34815 32.493143 241.571516
