IACSP95-3018 1.532448 25.590731 10.18028 164.821266
IACSP95-3018 1.799153 27.581919 13.48113 184.311324
IACSP95-3018 1.429825 27.621208 10.892838 186.574845
IACSP95-3018 1.105115 20.618527 6.639404 120.973709
IACSP95-3018 1.173129 26.906658 8.440348 168.805326
IACSP95-3018 1.808176 26.643606 11.941624 171.951288
IACSP95-3018 1.31161 22.32133 9.259831 140.306372
IACSP95-3018 1.014942 27.066006 6.704464 165.459994
IACSP95-3018 1.367209 28.994722 10.164046 198.610194
IACSP95-3018 0.823825 22.883449 6.088009 144.56437
IACSP95-3018 0.731446 24.688291 5.440545 162.442177
IACSP95-3018 1.249349 22.773573 9.437026 155.6336
IACSP93-3046 5.926221 25.893387 39.772806 169.006175
IACSP93-3046 5.465418 25.950951 36.090856 169.422805
IACSP93-3046 4.945635 22.307018 33.047563 144.908833
IACSP93-3046 5.011897 21.425561 34.530718 142.793349
IACSP93-3046 4.579231 20.924606 28.794531 134.104768
IACSP93-3046 5.907571 26.272869 41.537736 177.959567
IACSP93-3046 4.717862 21.385772 32.551987 143.598882
IACSP93-3046 5.551863 24.634151 37.114373 161.030633
IACSP93-3046 4.823895 21.191768 33.8941 145.216542
IACSP93-3046 3.704832 17.831815 26.437618 122.116302
IACSP93-3046 5.657362 23.372711 39.353707 157.271941
IACSP93-3046 4.282245 19.125601 30.142884 130.575418
