Prog_157 7.465309 46.810348 51.230078 382.40158
Prog_156 0.0 53.963697 0.0 426.349454
Prog_155 0.0 44.242693 0.0 348.308351
Prog_76 0.0 49.723928 0.0 403.379353
Prog_153 0.0 41.629363 0.0 328.687589
Prog_70 0.0 49.813225 0.0 406.479097
Prog_151 9.422976 53.006467 68.464769 417.966228
Prog_72 0.0 51.991536 0.0 428.33745
Prog_79 9.660392 43.103933 67.815692 363.010241
Prog_78 10.772805 49.115277 78.507605 396.963304
Prog_159 0.0 14.401643 0.0 109.681968
Prog_158 4.165802 29.189585 26.07828 194.60708
Prog_17 0.0 52.123068 0.0 407.08889
Prog_18 8.90175 45.006546 65.491239 379.585434
Prog_114 5.309808 37.171498 43.08482 324.34311
Prog_168 0.0 47.326137 0.0 411.191526
Prog_162 0.0 41.16274 0.0 312.063427
Prog_163 0.0 45.259958 0.0 361.526918
Prog_160 0.0 50.241964 0.0 408.775614
Prog_161 8.470075 38.644547 64.069596 334.59798
Prog_166 4.572717 28.47283 34.312278 233.825561
Prog_167 6.805495 35.753704 49.794278 288.748511
Prog_164 9.005664 55.629031 62.776704 441.180899
Prog_165 3.781906 25.201352 29.769976 211.153255
Prog_63 5.277527 38.801852 38.196167 297.672541
Prog_61 6.850595 36.320463 47.079354 296.56608
Prog_66 4.178483 32.951711 33.173172 271.700087
Prog_67 6.881744 53.853458 49.818003 443.855123
Prog_64 9.114565 47.953227 65.625394 412.091132
Prog_65 0.0 51.075869 0.0 393.019179
Prog_69 0.0 53.662111 0.0 431.31945
Prog_30 8.712649 41.407582 67.206097 355.778066
Prog_175 8.051688 43.44869 53.007107 330.995416
Prog_174 0.0 37.728085 0.0 314.550243
Prog_177 6.581739 34.439053 48.387521 280.368534
Prog_176 9.006891 47.869002 66.947797 387.130183
Prog_171 7.295219 37.598663 55.770069 298.440872
Prog_170 0.0 51.578461 0.0 418.122309
Prog_173 5.544358 33.926099 42.76141 269.279844
Prog_172 7.714328 41.402805 49.859183 320.432296
Prog_99 7.942692 45.725257 55.100563 353.287451
Prog_98 0.0 55.354355 0.0 449.936163
Prog_96 0.0 50.495779 0.0 400.765024
Prog_95 0.0 33.38123 0.0 258.749543
Prog_94 0.0 24.780868 0.0 203.551255
Prog_93 0.0 52.557438 0.0 413.713492
Prog_92 0.0 55.710532 0.0 474.674966
Prog_91 9.487927 44.704957 69.748332 357.809615
Prog_90 0.0 47.776957 0.0 380.583308
Prog_31 0.0 42.275535 0.0 326.681995
Prog_210 0.0 42.372152 0.0 358.937843
Prog_33 0.0 41.440089 0.0 327.513638
Prog_35 7.400455 46.557727 53.781369 381.0693
Prog_34 0.0 49.077651 0.0 401.42346
Prog_37 14.048531 49.935071 98.264761 406.078465
Prog_36 8.158408 51.608728 59.815161 409.159737
Prog_39 0.0 46.881154 0.0 388.837107
Prog_38 0.0 55.712975 0.0 432.230555
Prog_212 0.0 44.096155 0.0 360.732314
Prog_213 0.0 38.122257 0.0 298.493585
Prog_214 0.0 31.299103 0.0 252.79506
Prog_215 6.426719 33.22126 46.532169 261.573681
Prog_180 0.0 42.1212 0.0 332.220721
Prog_181 0.0 46.430485 0.0 372.322641
Prog_182 10.052343 47.225688 71.438604 377.36725
Prog_183 7.445557 43.815857 51.003976 346.941693
Prog_184 8.398177 37.453987 57.788684 305.351976
Prog_185 9.513808 42.990342 67.77851 331.795486
Prog_186 11.547633 41.714142 86.384316 340.976156
Prog_187 5.446198 36.486998 39.235629 302.379171
Prog_188 6.680431 32.000054 47.512505 252.13846
Prog_189 0.0 42.3811 0.0 348.412516
Prog_108 5.700655 44.400007 41.525443 361.159697
Prog_109 4.6685 32.368564 36.076111 257.199144
Prog_88 8.431146 46.446438 60.487371 374.504895
Prog_89 8.916235 46.492056 64.611668 365.808366
Prog_100 0.0 44.196154 0.0 375.819561
Prog_85 9.909552 47.813354 73.523528 380.88939
Prog_86 0.0 57.326215 0.0 477.733788
Prog_87 8.992012 48.039182 61.296014 377.630429
Prog_104 8.08296 43.386383 57.867159 359.794223
Prog_105 9.560523 43.600116 69.456553 356.851487
Prog_106 5.765945 24.030883 46.105448 208.037647
Prog_107 7.134176 42.525907 55.202721 367.519593
Prog_28 9.834494 47.948756 72.854724 420.557523
Prog_29 10.001173 40.098998 75.221679 343.410917
Prog_26 12.913323 45.391171 94.592575 384.407966
Prog_27 0.0 56.995929 0.0 449.634714
Prog_24 0.0 63.303025 0.0 494.730852
Prog_25 9.553871 46.091231 65.413796 404.026009
Prog_22 9.259732 48.142485 72.186534 409.244223
Prog_23 0.0 42.878461 0.0 340.513788
Prog_20 2.702367 61.023375 17.092608 476.385388
Prog_21 9.310177 40.501765 67.004957 327.859158
Prog_193 9.75978 47.659591 68.404634 397.297894
Prog_192 0.0 43.930551 0.0 379.402802
Prog_191 0.0 51.638698 0.0 419.72579
Prog_190 0.0 46.222716 0.0 385.732532
Prog_197 10.960206 46.587645 80.166069 375.635696
Prog_196 5.769657 34.583763 39.827828 281.883007
Prog_195 0.0 52.08554 0.0 437.591885
Prog_194 0.0 48.073548 0.0 375.889468
Prog_199 4.930712 26.187177 40.474591 218.029211
Prog_198 0.0 48.55871 0.0 413.942096
Prog_77 0.0 0.0 0.0 0.0
Prog_119 6.447564 39.7478 49.02359 334.839324
Prog_118 0.0 55.545647 0.0 456.614296
Prog_113 0.0 47.604047 0.0 387.230777
Prog_71 7.344668 49.856571 50.226841 432.322288
Prog_111 0.0 51.380251 0.0 406.580042
Prog_110 0.0 43.639718 0.0 354.258329
Prog_117 7.56062 34.797337 52.430585 286.395166
Prog_116 9.681795 47.474845 66.640347 381.168745
Prog_115 8.100767 45.108758 59.063062 356.874256
Prog_152 0.0 38.674037 0.0 312.669502
Prog_59 8.38883 52.076911 60.42965 437.887848
Prog_58 0.0 57.235013 0.0 464.919873
Prog_73 9.175157 50.831904 61.287281 426.756874
Prog_53 7.377725 40.134773 52.752972 334.337731
Prog_52 17.574462 58.658351 142.193556 494.691957
Prog_51 0.0 53.810532 0.0 427.613917
Prog_50 12.717704 50.340976 89.115751 385.70968
Prog_55 0.0 35.932606 0.0 309.055899
Prog_54 11.762447 50.037018 86.921419 425.438229
Prog_112 10.304448 39.881727 71.436425 328.950118
Prog_203 0.0 50.70821 0.0 412.514811
Prog_202 0.0 39.11621 0.0 317.994195
Prog_201 10.229585 49.033904 78.147539 405.775532
Prog_200 0.0 56.089849 0.0 436.20755
Prog_207 0.0 32.214026 0.0 260.124943
Prog_206 0.0 45.499157 0.0 386.265199
Prog_205 0.0 33.291505 0.0 255.065696
Prog_204 0.0 39.63835 0.0 306.17848
Prog_209 0.0 40.802972 0.0 314.771826
Prog_208 0.0 32.458882 0.0 263.857968
Prog_211 9.098953 41.50485 59.404472 320.421117
Prog_128 9.858743 52.202441 70.444335 435.59448
Prog_129 0.0 47.255742 0.0 360.782683
Prog_127 0.0 50.893169 0.0 389.014016
Prog_124 13.836382 48.703334 95.088356 383.570168
Prog_125 0.0 51.750602 0.0 422.884905
Prog_122 0.0 66.589194 0.0 565.381273
Prog_123 0.0 48.655412 0.0 399.44848
Prog_120 13.717706 55.79952 103.900526 472.062272
Prog_121 0.0 75.408444 0.0 600.927996
Prog_48 0.0 41.957397 0.0 319.869217
Prog_49 0.0 57.309337 0.0 433.707136
Prog_40 0.0 51.513779 0.0 399.554783
Prog_41 0.0 55.529288 0.0 445.215667
Prog_42 0.22628 0.0 2.292852 0.0
Prog_43 3.698664 22.85591 26.283861 186.420948
Prog_44 0.0 60.051199 0.0 505.544146
Prog_45 0.0 51.38484 0.0 390.400738
Prog_46 0.0 57.123853 0.0 477.540118
Prog_47 7.315516 29.98371 52.677841 246.69307
Prog_150 10.617112 56.355795 76.273541 456.523009
Prog_131 8.676301 44.343667 61.972052 354.622785
Prog_130 8.110629 48.699081 54.029087 385.301945
Prog_133 0.0 39.462694 0.0 346.808429
Prog_132 0.0 41.381803 0.0 337.97129
Prog_135 6.821926 38.771729 46.692222 295.981478
Prog_134 5.745447 25.534197 39.985333 204.956457
Prog_137 0.0 43.45033 0.0 354.79465
Prog_136 0.0 44.124168 0.0 368.994064
Prog_139 8.739481 42.252897 62.166836 355.856789
Prog_84 0.0 41.960925 0.0 313.737179
Prog_101 0.0 56.119676 0.0 458.245433
Prog_102 0.0 40.909394 0.0 345.095854
Prog_103 5.667796 41.019982 38.256193 321.356575
Prog_80 0.0 51.855963 0.0 430.348156
Prog_81 0.0 49.214967 0.0 386.582128
Prog_144 0.0 53.693297 0.0 426.311447
Prog_145 7.032845 38.362728 52.25541 323.069452
Prog_146 0.0 25.214644 0.0 210.151276
Prog_147 4.116656 25.404023 29.150504 198.567405
Prog_140 8.706654 43.345595 65.308083 370.416711
Prog_141 0.0 45.101502 0.0 353.41357
Prog_142 0.0 45.367951 0.0 354.347782
Prog_83 0.0 0.0 0.0 0.0
Prog_148 5.672167 43.7332 41.203235 374.759612
