IACSP95-3018 0.280879 27.810592 2.846739 190.147154
IACSP95-3018 0.505508 29.435415 1.855329 196.76346
IACSP95-3018 0.309335 20.525566 3.134594 138.133642
IACSP95-3018 0.483051 23.241945 2.677288 169.189425
IACSP95-3018 0.258603 25.220462 2.620933 175.480727
IACSP95-3018 0.360235 21.028178 1.112538 147.896192
IACSP95-3018 0.0 24.761408 0.0 171.222853
IACSP95-3018 0.042118 27.035471 0.426855 185.082976
IACSP95-3018 0.451126 28.516935 1.650542 201.03233
IACSP95-3018 0.428202 30.061714 2.391436 214.125183
IACSP95-3018 0.073353 25.946261 0.743382 187.014787
IACSP95-3018 0.096473 20.514739 0.97768 144.745375
IACSP93-3046 4.055498 22.453395 24.123057 154.326037
IACSP93-3046 2.509974 15.492354 17.220279 100.655564
IACSP93-3046 3.308106 18.58389 22.105361 125.809248
IACSP93-3046 3.972926 23.628202 26.036359 161.544614
IACSP93-3046 3.608123 22.045157 22.941157 147.080517
IACSP93-3046 5.138551 27.901005 33.230582 197.173148
IACSP93-3046 3.810158 22.86737 25.012759 160.799996
IACSP93-3046 4.21689 23.073743 27.720666 152.326102
IACSP93-3046 3.943889 21.651305 25.755095 142.70288
IACSP93-3046 3.00181 16.416662 19.203176 112.802246
IACSP93-3046 4.132946 22.807133 28.855664 153.413485
IACSP93-3046 4.218673 23.810629 28.195875 156.225285
