IACSP95-3018 0.0 4.043625 0.0 30.986075
IACSP95-3018 0.0 4.533194 0.0 34.677644
IACSP95-3018 0.0 5.431714 0.0 38.743964
IACSP95-3018 0.0 9.004061 0.0 64.360437
IACSP95-3018 0.0 6.880275 0.0 49.887742
IACSP95-3018 0.0 11.853709 0.0 77.272978
IACSP95-3018 0.0 10.205935 0.0 74.472605
IACSP95-3018 0.0 9.788973 0.0 69.469068
IACSP95-3018 0.0 11.0012 0.0 85.320195
IACSP95-3018 0.024173 7.107013 0.80469 49.241296
IACSP95-3018 0.0 15.753667 0.0 111.383894
IACSP95-3018 0.0 11.885798 0.0 88.089524
IACSP93-3046 0.0 0.0 0.0 0.0
IACSP93-3046 1.724043 10.761647 14.009812 80.147447
IACSP93-3046 2.293028 18.570094 17.080455 125.126109
IACSP93-3046 1.280036 10.31668 10.038911 73.459953
IACSP93-3046 1.611588 11.597084 12.261542 79.022246
IACSP93-3046 1.754713 11.479307 14.337818 81.628556
IACSP93-3046 1.424555 11.178895 10.744641 78.358342
IACSP93-3046 1.89453 14.950483 13.52016 100.175644
IACSP93-3046 0.0 0.0 0.0 0.0
IACSP93-3046 1.265566 8.736954 10.85678 63.372039
IACSP93-3046 1.075518 6.571676 8.313541 47.007901
IACSP93-3046 1.44377 9.765483 12.243414 71.917816
