Prog_157 1.202814 41.443296 26.27638 317.339604
Prog_156 1.985739 49.760385 45.142375 417.729135
Prog_155 1.602662 39.458575 32.065632 336.155387
Prog_76 1.29108 36.455236 22.037895 293.40467
Prog_153 1.814678 46.387631 20.756982 341.404156
Prog_70 2.046065 55.404877 38.26377 457.687574
Prog_151 1.704038 50.474367 20.453551 381.01414
Prog_72 1.395138 50.368115 27.609211 393.808951
Prog_79 6.786587 37.913125 108.70946 353.444538
Prog_78 2.759408 9.982141 39.410695 94.182005
Prog_159 1.823694 51.215838 25.751254 394.570186
Prog_158 1.727615 47.049527 54.450541 402.142174
Prog_17 0.469655 50.444735 5.919038 337.156805
Prog_18 2.756133 50.836228 41.223628 410.524649
Prog_114 2.414391 17.663125 46.769773 163.10287
Prog_168 7.980871 37.99047 72.734436 289.613287
Prog_162 10.153151 43.789828 102.310503 354.439022
Prog_163 8.187002 40.44668 91.1407 351.115325
Prog_160 9.194801 44.078546 115.629577 376.484395
Prog_161 6.236471 30.422561 89.236348 278.896974
Prog_166 1.646637 46.503536 23.128746 342.295849
Prog_167 4.786363 33.007667 45.578514 255.21559
Prog_164 1.916273 49.101964 24.718564 373.621536
Prog_165 5.017129 38.325883 46.560817 291.844253
Prog_63 0.633378 43.974148 13.54248 325.995069
Prog_61 10.066015 52.795872 103.620098 435.276032
Prog_66 1.807236 47.646729 36.078763 375.985407
Prog_67 7.054842 38.566043 104.053322 351.932088
Prog_64 1.70191 40.179 38.72025 334.195304
Prog_65 10.42636 37.847404 111.81891 329.932846
Prog_69 1.579193 43.58892 39.308956 348.34682
Prog_30 9.026262 42.126742 98.848774 353.502818
Prog_175 5.464791 32.876662 81.713905 304.247827
Prog_174 5.172451 38.260514 52.704614 289.95847
Prog_177 6.284932 39.910202 60.873501 301.968352
Prog_176 1.464037 40.261778 38.877553 338.733801
Prog_171 10.6536 37.480377 136.733803 344.816024
Prog_170 1.315106 23.936637 17.459857 184.89947
Prog_173 5.689545 35.042791 64.996082 279.355295
Prog_172 1.063945 38.508432 18.302965 294.474332
Prog_99 1.108779 55.423613 33.043516 427.313652
Prog_98 6.574547 32.12257 79.848403 268.097511
Prog_96 4.632109 35.461536 51.617983 286.572994
Prog_95 6.460489 39.772867 57.136299 319.052342
Prog_94 0.837687 47.299098 36.317155 394.812364
Prog_93 4.991591 45.159185 49.658793 360.326212
Prog_92 1.680127 48.096735 24.605206 371.793417
Prog_91 6.66496 29.197081 71.683642 255.326866
Prog_90 1.29513 46.284182 21.473515 351.62648
Prog_31 1.71018 32.656919 29.388901 264.236092
Prog_210 6.282254 33.703115 69.857842 272.710481
Prog_33 2.473272 44.838738 42.013527 364.091256
Prog_35 8.14744 48.726486 94.947485 391.065841
Prog_34 1.956087 51.770292 56.379082 443.556689
Prog_37 5.578213 45.692636 61.851482 373.980829
Prog_36 6.224362 47.438808 65.577525 369.774005
Prog_39 1.597869 50.26873 26.035691 398.031916
Prog_38 1.413965 48.466109 21.291073 361.72597
Prog_212 5.262402 33.415981 56.98135 278.280087
Prog_213 4.023822 25.755804 42.18223 207.142911
Prog_214 6.222807 30.150608 64.953262 238.40254
Prog_215 1.37686 42.023161 27.778287 338.026049
Prog_180 1.97634 41.286616 37.266618 339.941027
Prog_181 1.227923 41.132359 27.157583 327.085105
Prog_182 1.762126 37.893534 33.264372 321.280034
Prog_183 1.486728 45.478728 28.088343 344.96096
Prog_184 2.340086 47.061623 25.720596 345.310796
Prog_185 1.775889 48.149209 30.144511 377.669752
Prog_186 1.836706 26.89687 36.907394 235.648206
Prog_187 8.081747 37.328662 87.762676 308.888013
Prog_188 5.101926 38.673422 58.857756 329.059416
Prog_189 6.052811 41.837277 59.680588 326.088034
Prog_108 1.014602 37.91203 14.08371 272.617721
Prog_109 9.904348 45.585653 87.356389 348.73281
Prog_88 6.914636 42.893107 85.926392 360.09675
Prog_89 5.545656 38.073378 59.536602 312.69101
Prog_100 8.77808 36.340994 96.422061 310.686165
Prog_85 1.93834 32.876644 29.563887 268.800692
Prog_86 1.149847 42.858428 29.175024 342.289372
Prog_87 6.995849 36.562002 84.374656 309.766502
Prog_104 1.228755 44.575353 21.542348 335.145963
Prog_105 1.351089 31.612133 27.133124 261.168831
Prog_106 1.449048 41.089105 19.828756 308.574276
Prog_107 4.97089 33.581349 54.410523 260.282525
Prog_28 7.910269 44.004372 106.027922 387.649256
Prog_29 2.454987 50.786809 41.369052 412.818973
Prog_26 2.085525 43.762758 42.596388 363.638315
Prog_27 1.907522 53.6018 56.66058 453.525987
Prog_24 1.499774 46.485131 25.264758 357.584459
Prog_25 5.873358 43.114008 56.067121 324.930076
Prog_22 9.040109 42.771183 130.386398 402.722525
Prog_23 1.143483 33.369936 28.252898 267.900014
Prog_20 11.895263 43.010971 121.934097 366.551253
Prog_21 1.576227 45.678335 32.908483 367.15802
Prog_193 5.547112 29.894318 56.075267 232.302186
Prog_192 1.420807 32.18591 23.861774 244.71378
Prog_191 1.09444 33.678292 13.119329 252.048436
Prog_190 6.651938 32.047837 73.263455 274.272511
Prog_197 1.987141 48.17268 36.056211 373.492821
Prog_196 1.906418 36.043626 32.216326 297.403446
Prog_195 5.778505 31.553925 60.602121 264.366678
Prog_194 6.537619 39.331787 69.980329 329.048207
Prog_199 6.283522 36.482375 80.187776 318.335386
Prog_198 6.512175 39.304037 67.01395 311.448165
Prog_77 0.945202 37.133642 15.263137 285.401751
Prog_119 2.330095 44.043177 56.867353 381.145972
Prog_118 7.743205 41.00901 86.929791 352.236356
Prog_113 4.648288 34.789359 46.143723 278.440553
Prog_71 1.509766 47.562614 47.949956 411.814593
Prog_111 5.168759 39.723314 59.00747 318.950301
Prog_110 1.095917 40.752726 29.086595 320.766617
Prog_117 6.406075 35.739986 63.703333 291.39081
Prog_116 1.425072 47.397878 21.349777 351.745748
Prog_115 1.520244 38.127695 38.959094 317.288658
Prog_152 1.908947 40.230033 22.21562 308.666881
Prog_59 2.001941 47.71057 26.609447 362.471705
Prog_58 5.472851 39.108146 67.33088 322.151662
Prog_73 8.556332 40.61012 80.449323 312.947193
Prog_53 2.186906 49.616551 40.544277 392.301849
Prog_52 6.08603 41.46022 74.09492 352.604123
Prog_51 3.01674 51.617068 47.17498 402.147457
Prog_50 7.822987 49.455908 88.400754 405.074773
Prog_55 1.212428 34.109508 14.760423 253.344982
Prog_54 1.633146 45.126976 28.057342 356.091373
Prog_112 1.386345 39.084065 25.259129 313.060154
Prog_203 1.556664 26.016019 28.959176 223.898576
Prog_202 2.589889 27.907999 27.853445 216.223721
Prog_201 5.317718 45.554344 53.626283 346.031335
Prog_200 5.268797 40.814913 53.01221 311.934315
Prog_207 1.43068 37.86465 16.790065 285.052746
Prog_206 6.525121 26.019566 81.788513 238.694338
Prog_205 6.966806 37.467347 81.101186 315.235172
Prog_204 1.788954 44.976601 22.195168 353.567372
Prog_209 6.616627 28.039127 78.623215 246.653507
Prog_208 5.36827 35.669807 51.323075 276.762334
Prog_211 2.33479 35.947415 27.104816 278.436257
Prog_128 1.642403 48.899824 39.72728 384.535181
Prog_129 1.580569 48.624058 34.587302 410.295246
Prog_127 1.563397 48.173622 24.046315 379.746937
Prog_124 5.651246 44.77812 64.581298 354.331112
Prog_125 1.86978 56.989016 35.231345 445.135027
Prog_122 1.910046 54.202127 27.512028 405.164037
Prog_123 2.341778 43.489544 33.09192 345.852739
Prog_120 6.485821 35.873156 67.662175 304.063483
Prog_121 4.842314 30.048163 75.203729 281.863726
Prog_48 1.657105 51.364061 30.415416 420.140647
Prog_49 7.80375 42.953909 86.64616 355.326263
Prog_40 1.900427 44.406479 34.688584 353.658094
Prog_41 0.0 0.0 0.0 0.0
Prog_42 1.958118 40.536166 28.817613 325.295953
Prog_43 0.0 0.0 0.0 0.0
Prog_44 7.153148 45.564186 64.8999 358.488433
Prog_45 8.703812 44.261263 83.752599 365.660147
Prog_46 2.217783 42.775504 51.842006 359.253614
Prog_47 0.0 0.0 0.0 0.0
Prog_150 8.382223 42.139216 87.186806 340.040284
Prog_131 6.255725 48.901063 69.121853 404.316837
Prog_130 1.483813 52.509729 30.380941 412.660626
Prog_133 6.828229 44.191391 79.414452 372.107552
Prog_132 7.845954 47.849927 101.777193 411.869195
Prog_135 6.719737 38.06737 73.177267 313.956529
Prog_134 1.643817 48.808058 19.455383 366.910343
Prog_137 5.976798 36.334883 86.69302 329.724358
Prog_136 1.311284 35.310804 24.217764 294.117067
Prog_139 8.421677 41.7345 100.938808 356.917364
Prog_84 2.174127 47.322138 27.057164 372.954998
Prog_101 1.145308 40.867702 20.822798 307.399018
Prog_102 6.773517 39.2461 74.548172 318.583339
Prog_103 1.508481 39.808561 22.570738 304.422249
Prog_80 2.04147 40.234937 22.859054 304.313721
Prog_81 6.740704 36.57394 87.96094 311.778458
Prog_144 1.337457 32.669977 29.750614 270.405055
Prog_145 1.897454 44.836705 45.160113 376.301854
Prog_146 5.904526 43.521257 53.571612 334.572767
Prog_147 7.601888 48.46415 85.134191 398.957114
Prog_140 6.528575 47.941724 67.688225 393.60432
Prog_141 7.899543 46.015151 80.257381 357.423307
Prog_142 1.47741 53.5785 31.958652 428.663379
Prog_83 6.85081 0.558541 47.312041 4.348292
Prog_148 7.45862 44.14958 86.20568 374.630349
