Prog_157 25.599181 3.879437 203.480071 35.210498
Prog_156 34.754502 4.666315 253.694676 41.05458
Prog_155 25.787713 3.848065 190.415023 31.359912
Prog_76 31.901156 0.808071 236.954603 7.278602
Prog_153 46.21457 1.247281 375.143813 15.092543
Prog_70 35.198511 0.813953 269.586885 14.766452
Prog_151 34.887085 1.01585 270.664121 12.397032
Prog_72 36.905504 5.286305 280.078978 49.120428
Prog_79 25.880814 0.75763 199.212338 10.467159
Prog_78 25.796452 0.690646 194.086887 10.225876
Prog_159 42.086136 6.19749 317.868086 57.508252
Prog_158 31.972799 4.608636 246.289007 42.171016
Prog_17 45.472724 1.708384 339.404715 17.723929
Prog_18 45.444084 7.867824 335.336022 66.755271
Prog_114 22.670243 3.053073 165.761538 27.941125
Prog_168 32.821282 4.760172 237.263911 40.829384
Prog_162 29.217555 0.865143 207.319136 7.652725
Prog_163 32.693669 4.702832 267.245308 45.980774
Prog_160 36.677873 5.873937 312.201712 55.334144
Prog_161 20.140415 3.02445 154.504025 27.034742
Prog_166 35.63438 5.038688 261.601894 40.652884
Prog_167 22.992585 0.608706 166.015989 3.99982
Prog_164 27.817318 4.51894 205.439324 40.527959
Prog_165 46.960279 1.523403 376.496659 16.428718
Prog_63 27.821419 4.205905 206.169762 35.611019
Prog_61 22.752438 3.163918 152.206244 25.198334
Prog_66 43.768928 7.143345 352.334183 64.270335
Prog_67 37.770154 1.164339 291.883793 17.921942
Prog_64 33.809927 1.306516 266.504376 11.5034
Prog_65 36.953774 1.652431 282.830069 18.358744
Prog_69 37.884102 1.013719 299.672765 15.996241
Prog_30 42.792079 1.623344 330.057195 18.169655
Prog_175 37.329116 1.177514 285.955693 13.710139
Prog_174 31.820002 1.060208 239.251277 8.601669
Prog_177 30.244258 4.41806 241.251583 45.217645
Prog_176 29.551573 4.63751 226.272325 41.452351
Prog_171 41.314573 1.212971 326.159691 13.287784
Prog_170 32.464149 0.98707 249.383948 17.532087
Prog_173 39.404333 1.515459 311.492084 15.901382
Prog_172 43.154284 1.264752 340.840322 13.27615
Prog_99 34.461444 1.101003 267.318131 11.555269
Prog_98 24.16767 3.517304 184.766875 30.733961
Prog_96 36.917399 1.157105 281.441325 12.179896
Prog_95 22.105572 0.656403 155.38496 4.3626
Prog_94 34.962873 5.271032 264.200694 49.637149
Prog_93 29.47684 4.061648 208.896073 36.32489
Prog_92 31.139197 4.979563 239.697606 50.079016
Prog_91 38.066562 1.092303 301.836496 10.898957
Prog_90 30.844064 0.951871 242.074725 10.483006
Prog_31 30.232229 0.887823 236.720429 12.465086
Prog_210 35.924719 5.394651 278.590573 45.841657
Prog_33 45.648684 1.171668 350.051095 17.69561
Prog_35 41.255512 6.307487 318.677391 63.150385
Prog_34 38.030989 6.481844 297.04045 59.750666
Prog_37 35.243957 4.888674 259.709552 42.057396
Prog_36 42.934066 1.702302 335.390855 18.056994
Prog_39 36.836743 1.079761 285.070884 14.065406
Prog_38 35.772499 4.596795 271.340692 44.242071
Prog_212 31.812261 0.880151 262.283424 10.088526
Prog_213 41.179218 6.47458 305.876999 58.553146
Prog_214 28.460827 0.410631 208.142067 5.515734
Prog_215 21.599794 0.348053 165.218008 5.826411
Prog_180 27.501642 0.617487 222.130339 8.118337
Prog_181 44.706428 1.30354 336.872574 13.685675
Prog_182 28.080275 1.367324 227.688007 16.673651
Prog_183 25.281198 3.398912 196.634693 30.295425
Prog_184 39.011442 5.896147 287.977489 49.931949
Prog_185 29.395606 0.911418 224.093384 11.049819
Prog_186 17.754288 2.692757 127.28395 24.624243
Prog_187 31.267971 0.849979 247.541886 7.989669
Prog_188 28.377749 4.107988 215.493002 31.511092
Prog_189 39.827839 6.333276 298.802267 57.177792
Prog_108 23.563639 3.913715 176.25646 32.769997
Prog_109 26.817781 3.809236 210.111052 36.614305
Prog_88 34.943669 5.192611 270.428548 48.026742
Prog_89 26.775359 3.52802 213.461973 36.174192
Prog_100 28.625155 4.05034 206.773923 39.293398
Prog_85 30.000923 4.827141 232.505283 46.734892
Prog_86 37.126006 1.5479 274.651004 16.387658
Prog_87 40.867336 0.972053 311.593195 10.224838
Prog_104 37.468579 0.881923 296.523074 9.259167
Prog_105 35.168747 1.050994 271.153769 11.032153
Prog_106 29.055719 4.029483 219.609801 41.062061
Prog_107 39.082054 5.594879 306.662326 52.262468
Prog_28 34.503268 6.775721 274.101726 64.584724
Prog_29 42.546995 1.472472 330.361993 15.45392
Prog_26 31.662808 1.013796 250.369125 12.94163
Prog_27 35.580281 6.003432 279.54963 56.744268
Prog_24 41.052411 1.675052 320.846676 24.999427
Prog_25 52.292768 2.33617 398.45709 24.608135
Prog_22 32.190129 5.318885 236.978598 46.422332
Prog_23 32.870582 1.5832 253.777993 16.618801
Prog_20 43.488309 3.381268 325.483014 32.877665
Prog_21 47.132552 2.107475 354.128717 24.206059
Prog_193 32.728307 5.600648 238.308144 49.244243
Prog_192 30.238465 0.868176 219.423422 8.243356
Prog_191 30.724939 0.817244 219.600525 7.368895
Prog_190 34.565921 0.997424 257.608971 13.138184
Prog_197 36.612261 4.8897 277.090188 43.667926
Prog_196 33.59369 0.796302 246.430806 8.922051
Prog_195 8.168907 1.174703 68.975848 11.97659
Prog_194 25.267783 0.650199 194.525239 4.753228
Prog_199 27.867538 3.976673 217.803639 36.564835
Prog_198 15.176383 0.812866 111.101669 10.860333
Prog_77 29.719984 4.248339 213.704953 38.551701
Prog_119 39.847111 1.146821 301.173675 18.244576
Prog_118 40.189747 7.895827 314.492101 66.46159
Prog_113 38.781775 1.316309 298.735841 13.273492
Prog_71 41.085524 5.595846 313.078434 52.792095
Prog_111 28.664016 0.662671 205.601695 6.956716
Prog_110 30.002847 4.018473 234.790035 41.009109
Prog_117 36.62628 1.257637 283.728344 12.480494
Prog_116 29.245117 4.098886 219.404867 38.830843
Prog_115 26.817071 0.855474 193.231332 11.44067
Prog_152 33.086385 0.978619 253.20703 9.962789
Prog_59 38.575142 1.17499 287.34323 12.334365
Prog_58 28.753555 4.600265 225.386658 42.008509
Prog_73 41.670138 0.95035 335.531634 15.290624
Prog_53 40.011723 1.408024 316.89295 18.161962
Prog_52 38.683894 1.29408 305.795083 13.58379
Prog_51 36.154247 4.584556 273.386303 41.628785
Prog_50 42.379897 1.327767 321.693658 18.164917
Prog_55 34.587765 1.327837 261.879328 11.053517
Prog_54 34.3783 4.962279 257.790331 44.35056
Prog_112 31.840902 1.111855 234.5065 9.172176
Prog_203 29.910734 0.587854 228.39366 6.354638
Prog_202 28.357413 0.566453 232.177656 5.94472
Prog_201 33.589181 4.58162 259.377812 44.734515
Prog_200 26.406045 1.135246 200.268291 12.840201
Prog_207 18.081998 2.48331 139.107152 22.299442
Prog_206 30.938898 0.671364 241.628099 7.047328
Prog_205 21.304083 3.261111 160.12001 29.546893
Prog_204 36.077468 0.937942 282.997188 13.788102
Prog_209 32.037403 4.599703 254.113944 47.572681
Prog_208 33.37148 4.752927 264.112849 44.129338
Prog_211 25.947884 4.107458 216.991819 42.625777
Prog_128 32.388834 1.177214 259.505894 11.083583
Prog_129 37.873058 1.633742 301.457177 21.509218
Prog_127 34.556475 4.72869 258.306834 45.848612
Prog_124 42.810128 1.42316 349.312416 21.987273
Prog_125 37.696778 1.22086 287.97492 16.736285
Prog_122 36.427183 1.735157 286.763073 25.990325
Prog_123 43.615238 1.196468 353.552304 12.56202
Prog_120 40.089691 6.613829 318.112564 63.398211
Prog_121 37.06783 5.654892 285.030441 54.686069
Prog_48 40.293599 6.230489 313.276783 56.783689
Prog_49 33.54186 5.493567 244.76312 52.475705
Prog_40 28.9063 0.7238 222.950784 7.59906
Prog_41 37.594206 1.019339 287.156065 17.083722
Prog_42 26.066635 4.256315 209.91174 40.967653
Prog_43 25.002491 0.88933 196.233941 7.940545
Prog_44 55.774618 2.126377 456.17172 27.04999
Prog_45 37.804852 6.290641 291.373114 61.104467
Prog_46 45.540848 1.541556 345.924105 18.379231
Prog_47 46.354923 6.645352 369.297724 60.89619
Prog_150 40.615755 5.444836 306.137693 53.953697
Prog_131 41.124896 1.559342 318.573459 15.442034
Prog_130 44.15147 6.659172 354.033137 58.660621
Prog_133 36.930143 6.02889 271.548738 54.784531
Prog_132 34.438186 5.041553 269.371046 44.935087
Prog_135 31.986246 1.303003 253.344729 13.678478
Prog_134 28.970003 4.429944 220.012099 38.916669
Prog_137 35.513591 5.213583 279.339794 48.038087
Prog_136 41.402441 1.464967 329.449494 15.371882
Prog_139 38.125266 5.815702 307.499761 54.662914
Prog_84 38.510227 5.982519 297.660192 55.576973
Prog_101 37.213312 4.788481 285.441695 46.380907
Prog_102 36.652434 1.182572 277.261723 12.411699
Prog_103 38.154701 1.342599 276.616782 13.940444
Prog_80 25.704082 1.085159 194.892838 8.982837
Prog_81 37.596182 6.645665 294.58314 56.831518
Prog_144 29.069534 0.669249 228.345026 6.631736
Prog_145 30.993604 1.196779 241.975499 13.352314
Prog_146 28.597819 1.051968 215.604716 18.576648
Prog_147 35.440456 0.978151 274.279425 10.456453
Prog_140 41.543202 1.197333 317.645544 15.494912
Prog_141 32.92816 1.132609 259.399356 11.889495
Prog_142 39.110106 6.018951 303.64552 55.141637
Prog_83 0.0 6.329948 0.0 59.997358
Prog_148 27.972141 4.572988 205.432959 39.636776
