IACSP95-3018 11.114 2.038373 79.751485 16.988387
IACSP95-3018 8.044391 0.125963 59.531741 0.441022
IACSP95-3018 14.001677 0.949912 108.656494 8.016936
IACSP95-3018 9.095095 1.563316 66.089977 11.709802
IACSP95-3018 15.104454 2.162937 109.611994 19.271468
IACSP95-3018 12.893542 1.312991 83.605971 11.20836
IACSP95-3018 11.503605 1.214201 81.925948 8.997107
IACSP95-3018 8.970924 1.533115 69.759918 13.879413
IACSP95-3018 15.484122 1.101712 116.190051 8.129279
IACSP95-3018 12.925824 0.717694 101.992561 5.053928
IACSP95-3018 11.429971 0.987538 83.729675 7.787947
IACSP95-3018 17.334345 0.795906 123.645907 5.520915
IACSP93-3046 17.391205 0.0 125.362833 0.0
IACSP93-3046 5.596084 0.0 43.428626 0.0
IACSP93-3046 13.36729 0.0 96.554326 0.0
IACSP93-3046 15.533623 0.0 116.372622 0.0
IACSP93-3046 23.265405 0.0 169.151446 0.0
IACSP93-3046 8.707207 0.0 65.05607 0.0
IACSP93-3046 12.638523 0.0 96.065772 0.0
IACSP93-3046 11.452609 0.0 84.558045 0.0
IACSP93-3046 12.872688 0.0 96.633531 0.0
IACSP93-3046 4.667317 0.0 37.266795 0.0
IACSP93-3046 12.116269 0.0 91.282969 0.0
IACSP93-3046 12.76944 0.0 94.555285 0.0
