Prog_157 29.311449 0.0 206.473278 0.0
Prog_156 55.597875 7.142895 440.63335 54.024772
Prog_155 59.274727 0.0 433.470224 0.0
Prog_76 45.905837 0.0 345.002386 0.0
Prog_153 33.09826 5.974678 237.335504 40.47787
Prog_70 44.247528 11.913925 342.398915 95.15209
Prog_151 50.648463 13.492194 391.121182 101.677737
Prog_72 58.154828 0.0 505.689808 0.0
Prog_79 40.723806 8.968532 324.88212 77.266158
Prog_78 25.361253 4.46105 184.678395 32.551133
Prog_159 49.664311 7.624499 372.660297 58.03141
Prog_158 47.293186 9.856378 347.169256 72.984005
Prog_17 46.470258 13.326882 374.487594 118.10654
Prog_18 51.40136 6.566742 443.422098 55.785968
Prog_114 44.407264 10.105043 317.409094 74.6572
Prog_168 26.94618 9.195918 220.491365 75.730885
Prog_162 55.455345 0.0 413.241722 0.0
Prog_163 44.140888 14.216823 326.272151 108.194089
Prog_160 40.018365 10.098421 303.006782 80.529011
Prog_161 39.895912 10.497391 312.636119 83.926465
Prog_166 29.558026 0.0 210.73433 0.0
Prog_167 51.282563 8.363462 378.320097 65.871991
Prog_164 47.279798 8.555553 346.219457 63.146141
Prog_165 45.216652 0.0 338.635622 0.0
Prog_63 69.219397 0.0 504.415792 0.0
Prog_61 25.535162 6.833396 199.071067 51.939088
Prog_66 43.344799 0.0 318.084895 0.0
Prog_67 55.755596 0.0 410.657689 0.0
Prog_64 38.490732 11.79044 280.234949 91.543295
Prog_65 44.877772 0.0 335.671562 0.0
Prog_69 54.745151 11.993405 411.361492 91.834637
Prog_30 47.619511 0.0 347.430323 0.0
Prog_175 27.894315 3.988009 204.431688 29.593822
Prog_174 33.795532 10.840887 260.818311 80.091292
Prog_177 48.4249 0.0 372.168644 0.0
Prog_176 35.368912 0.0 257.721464 0.0
Prog_171 44.471944 0.0 315.842649 0.0
Prog_170 42.988789 0.0 309.22288 0.0
Prog_173 56.891693 0.0 424.232829 0.0
Prog_172 35.955622 10.120104 260.781453 74.493413
Prog_99 17.68031 5.766301 129.373754 45.21099
Prog_98 41.379041 0.0 304.603366 0.0
Prog_96 54.259161 0.0 408.783566 0.0
Prog_95 28.267632 0.0 218.515823 0.0
Prog_94 44.540581 0.0 341.556871 0.0
Prog_93 35.145475 11.631089 258.673041 85.642027
Prog_92 45.460611 11.910719 371.863815 95.605051
Prog_91 40.835805 0.0 308.036071 0.0
Prog_90 60.104698 0.0 479.133335 0.0
Prog_31 48.768738 0.0 390.400216 0.0
Prog_210 59.299599 0.0 470.451134 0.0
Prog_33 16.051199 3.150761 141.776458 33.615844
Prog_35 41.435966 6.575804 299.374392 54.605947
Prog_34 43.272445 7.977646 321.101621 63.585633
Prog_37 61.035931 8.975358 456.167782 67.959102
Prog_36 43.028649 7.105438 300.102617 48.540871
Prog_39 48.60639 0.0 353.266157 0.0
Prog_38 50.989331 10.191051 381.129302 75.675711
Prog_212 53.093502 0.0 397.115186 0.0
Prog_213 39.247291 11.560691 289.500724 98.443963
Prog_214 57.091143 0.0 409.960688 0.0
Prog_215 50.196098 0.0 364.025249 0.0
Prog_180 44.643845 0.0 344.096438 0.0
Prog_181 44.122841 0.0 307.146279 0.0
Prog_182 45.657798 8.651312 341.233049 66.961622
Prog_183 30.240603 0.0 214.73034 0.0
Prog_184 43.96759 9.755622 331.938684 74.922096
Prog_185 38.180583 7.853466 277.590493 57.148375
Prog_186 48.243197 8.87639 358.597074 67.454515
Prog_187 33.373787 0.0 236.147683 0.0
Prog_188 37.800741 6.391873 279.703364 47.169869
Prog_189 49.109792 8.308813 363.690681 62.48899
Prog_108 21.798982 5.239256 160.260232 39.185409
Prog_109 46.562745 0.0 338.1763 0.0
Prog_88 53.565774 0.0 414.292922 0.0
Prog_89 53.064281 0.0 417.579255 0.0
Prog_100 34.624811 5.595815 258.36067 44.885921
Prog_85 40.40216 13.975661 295.578921 108.185877
Prog_86 34.721842 6.002189 240.052174 39.235022
Prog_87 61.83601 0.0 494.235591 0.0
Prog_104 49.318203 0.0 398.286505 0.0
Prog_105 45.9627 10.94867 367.265921 88.381517
Prog_106 49.865307 0.0 366.7307 0.0
Prog_107 36.045366 8.814774 274.429585 67.33589
Prog_28 63.415588 0.0 472.812817 0.0
Prog_29 50.758619 8.293177 397.263382 69.989319
Prog_26 35.076146 0.0 283.057392 0.0
Prog_27 53.59908 7.068688 403.501342 53.791101
Prog_24 41.472548 0.0 317.347232 0.0
Prog_25 51.338199 8.262753 403.616873 67.394901
Prog_22 37.568908 7.074039 303.076246 56.735915
Prog_23 45.891111 0.0 363.278314 0.0
Prog_20 36.204483 12.795421 291.52648 102.609374
Prog_21 46.106286 0.0 357.189241 0.0
Prog_193 43.980327 0.0 350.145349 0.0
Prog_192 43.271927 7.565529 305.531136 56.493367
Prog_191 30.897673 5.635399 219.296442 41.73188
Prog_190 42.285738 7.140415 320.092505 57.953418
Prog_197 60.026111 0.0 446.934548 0.0
Prog_196 37.631157 7.963689 275.889161 61.396391
Prog_195 41.215399 0.0 296.497465 0.0
Prog_194 61.746082 9.821554 467.566813 80.304432
Prog_199 49.967119 0.0 400.111708 0.0
Prog_198 26.068982 7.475561 185.72156 55.6564
Prog_77 48.136026 0.0 363.391358 0.0
Prog_119 38.229465 9.117213 304.445263 72.407248
Prog_118 57.698393 0.0 435.153479 0.0
Prog_113 19.218747 0.0 159.129715 0.0
Prog_71 45.329491 0.0 338.252607 0.0
Prog_111 39.148975 10.353894 297.386905 81.821271
Prog_110 38.559111 0.059946 288.088046 0.571795
Prog_117 52.370169 0.0 416.643909 0.0
Prog_116 51.466263 0.0 387.159413 0.0
Prog_115 44.633299 0.0 348.469939 0.0
Prog_152 21.930451 3.978302 162.953699 32.553901
Prog_59 48.073943 0.0 336.503967 0.0
Prog_58 62.233475 0.0 449.989813 0.0
Prog_73 35.391102 7.757355 273.405942 65.709694
Prog_53 54.548031 8.58305 404.507933 64.475996
Prog_52 52.360794 10.385409 395.776597 77.17653
Prog_51 79.894803 0.0 601.149665 0.0
Prog_50 52.227538 0.0 413.847633 0.0
Prog_55 32.503422 0.0 234.948376 0.0
Prog_54 53.38597 0.0 390.846586 0.0
Prog_112 39.77318 15.15224 266.410553 113.74275
Prog_203 54.590046 0.0 410.129104 0.0
Prog_202 49.129704 0.0 371.450355 0.0
Prog_201 51.853038 0.0 389.167605 0.0
Prog_200 36.690009 4.837695 290.44035 36.844048
Prog_207 28.150943 6.029585 201.809439 46.039346
Prog_206 54.868307 0.0 404.951266 0.0
Prog_205 59.270717 0.0 435.654799 0.0
Prog_204 56.18821 0.0 426.635949 0.0
Prog_209 31.435173 8.082354 254.843149 62.510002
Prog_208 58.262796 0.0 449.942537 0.0
Prog_211 43.113924 0.0 331.219346 0.0
Prog_128 25.443847 4.939295 196.760724 39.87513
Prog_129 61.085517 10.418394 454.116875 83.723003
Prog_127 54.986433 15.188327 456.165189 125.457806
Prog_124 40.416273 0.0 301.100358 0.0
Prog_125 39.754981 0.0 304.456863 0.0
Prog_122 61.951055 0.0 488.248565 0.0
Prog_123 47.99823 0.0 392.879462 0.0
Prog_120 54.82784 0.0 414.138312 0.0
Prog_121 49.707355 0.0 380.663842 0.0
Prog_48 56.020879 14.158136 442.481272 112.146161
Prog_49 38.780186 0.0 290.889478 0.0
Prog_40 24.266529 4.206161 209.307594 36.934511
Prog_41 70.401564 0.0 524.261614 0.0
Prog_42 62.502625 12.557441 467.330157 97.444058
Prog_43 63.605526 9.691844 467.885697 69.904694
Prog_44 52.407806 9.782204 395.167231 76.166965
Prog_45 39.641864 8.547221 289.456239 62.912044
Prog_46 31.081511 7.598828 227.995077 57.384215
Prog_47 44.934837 6.466355 355.479405 48.244839
Prog_150 46.571655 9.159155 349.581684 75.561425
Prog_131 51.345263 8.368016 424.933734 66.579624
Prog_130 52.236635 0.0 403.899166 0.0
Prog_133 28.081643 0.0 242.299858 0.0
Prog_132 35.150125 10.688716 281.529618 83.666596
Prog_135 38.756054 12.681819 290.148917 95.413937
Prog_134 43.310877 10.480795 320.202737 85.47643
Prog_137 36.387998 0.0 264.059674 0.0
Prog_136 28.4937 6.174166 248.74575 43.725495
Prog_139 37.175009 26.772213 290.453194 220.801928
Prog_84 76.333944 0.0 547.820655 0.0
Prog_101 41.924777 12.707569 304.858985 102.049659
Prog_102 37.213246 7.426546 291.059593 59.311235
Prog_103 30.867353 0.0 230.67018 0.0
Prog_80 41.755134 9.2653 327.164421 72.434956
Prog_81 49.955762 0.0 381.042546 0.0
Prog_144 48.732886 0.0 363.781686 0.0
Prog_145 25.456503 0.0 197.266268 0.0
Prog_146 37.140127 8.06588 296.938556 69.021312
Prog_147 25.560997 0.0 176.243663 0.0
Prog_140 62.777059 0.0 479.001651 0.0
Prog_141 59.373974 11.715486 488.642511 98.854291
Prog_142 58.701016 0.0 462.374019 0.0
Prog_83 40.937268 0.0 269.057524 0.0
Prog_148 56.581141 0.0 442.744496 0.0
