Prog_157 52.725934 0.664949 402.545647 4.521507
Prog_156 59.833895 11.334888 417.940008 93.204266
Prog_155 47.409143 0.35718 319.507807 3.154738
Prog_76 46.845369 8.872601 316.264141 67.032728
Prog_153 91.255384 1.281416 636.279542 9.63366
Prog_70 50.070225 8.28374 342.574292 69.77838
Prog_151 51.967045 9.784786 363.071617 79.371132
Prog_72 70.827862 0.721766 481.663302 6.269084
Prog_79 52.003227 0.768557 365.091163 6.5339
Prog_78 33.103836 6.27784 229.176081 54.399256
Prog_159 79.595943 1.401227 563.629111 13.30539
Prog_158 67.081906 1.175045 486.353567 10.02081
Prog_17 64.99663 13.142781 473.437508 108.4447
Prog_18 72.865899 14.974638 531.789014 122.895507
Prog_114 43.81479 0.219844 307.518731 1.650225
Prog_168 64.297918 1.091406 447.582567 11.259998
Prog_162 37.486805 7.329756 251.50281 56.146865
Prog_163 62.257131 0.720302 480.129748 7.171354
Prog_160 62.116819 12.22498 465.045328 103.152188
Prog_161 34.252088 5.562923 230.701189 46.064762
Prog_166 47.992958 9.655285 335.335666 73.177468
Prog_167 34.690187 0.0078 252.465089 0.068868
Prog_164 57.370081 0.81893 400.236013 7.71966
Prog_165 77.475545 1.019623 583.205078 7.368247
Prog_63 51.31999 9.424008 353.475726 70.995447
Prog_61 42.196242 0.689046 267.272113 5.967489
Prog_66 81.64693 0.833028 606.016853 5.984056
Prog_67 58.23197 10.547237 404.81808 85.526959
Prog_64 51.54872 10.276741 378.63668 83.833476
Prog_65 62.173253 1.286555 438.528656 11.782367
Prog_69 68.839752 0.971512 513.286152 8.624239
Prog_30 73.577503 0.885134 549.396676 8.882101
Prog_175 54.848559 9.663756 402.705065 78.244029
Prog_174 58.81745 0.99809 406.3694 8.83184
Prog_177 51.597233 10.469814 384.429777 84.998335
Prog_176 45.43026 9.598447 319.495029 72.818413
Prog_171 60.676564 12.517052 436.059346 98.92611
Prog_170 57.839836 1.121761 412.48885 10.777942
Prog_173 59.33083 10.861976 428.343963 85.82712
Prog_172 63.403145 14.37692 430.661422 104.025509
Prog_99 59.631986 1.037801 426.045228 13.726393
Prog_98 36.683684 7.356813 275.644068 62.082464
Prog_96 66.705537 1.092249 444.493986 11.143109
Prog_95 34.8971 6.843647 239.110992 54.220722
Prog_94 63.433055 1.517208 440.507205 15.344058
Prog_93 48.807166 9.183162 338.298161 69.539401
Prog_92 56.885781 0.397234 420.410859 2.025349
Prog_91 58.620644 9.309315 418.075981 76.093388
Prog_90 41.584606 7.752158 303.026785 63.345779
Prog_31 41.197442 7.905121 302.240679 66.840052
Prog_210 72.383152 1.358032 517.050029 8.976829
Prog_33 77.077251 1.080055 527.65964 7.94072
Prog_35 78.549245 1.153887 572.166561 11.203372
Prog_34 65.434759 11.612169 461.237797 94.164528
Prog_37 54.98092 12.783418 385.390272 95.640858
Prog_36 80.388015 1.040524 556.460629 8.870735
Prog_39 52.09098 11.126166 380.855884 92.021051
Prog_38 54.482191 10.413249 413.638527 85.13552
Prog_212 46.788476 9.912646 325.37733 79.350211
Prog_213 79.610383 0.558894 585.268464 3.256194
Prog_214 43.67644 10.309367 308.972189 78.126785
Prog_215 37.058855 0.845795 269.744563 8.450256
Prog_180 41.896796 7.659273 287.715032 60.270713
Prog_181 67.736373 14.45188 471.299112 106.593431
Prog_182 43.051937 8.059788 367.428318 71.346057
Prog_183 44.893397 8.309387 308.684303 59.893087
Prog_184 57.122032 11.140555 393.682591 81.024509
Prog_185 50.840404 1.028966 360.5438 9.656304
Prog_186 33.255991 0.69529 226.412831 6.967777
Prog_187 50.666607 0.0 384.95593 0.0
Prog_188 45.375281 9.675602 318.624787 74.819752
Prog_189 61.020564 12.068798 435.235738 98.753053
Prog_108 44.924055 0.720946 319.398192 6.461856
Prog_109 43.031664 5.986835 310.117002 46.642008
Prog_88 66.345352 0.8215 463.615241 6.690048
Prog_89 51.387727 0.967837 366.039442 9.096552
Prog_100 57.55024 0.781083 410.811046 5.2582
Prog_85 61.685159 0.977176 433.230239 9.636169
Prog_86 66.41167 1.123815 460.79124 12.084419
Prog_87 74.131133 0.429406 489.657531 3.093629
Prog_104 54.060105 9.523139 374.150344 72.407602
Prog_105 59.293854 0.568557 409.162274 7.608141
Prog_106 53.44803 0.814247 387.479783 7.341727
Prog_107 65.152136 10.664526 442.924115 85.382054
Prog_28 68.713902 1.10947 530.483842 9.161616
Prog_29 74.244413 1.155437 501.197406 10.895684
Prog_26 55.891288 1.13566 406.378119 11.770451
Prog_27 72.615486 1.502933 502.013781 16.272738
Prog_24 70.330746 1.113517 536.0197 12.360133
Prog_25 75.743972 15.969124 520.615871 124.267266
Prog_22 64.752105 1.192276 459.28549 7.571782
Prog_23 50.170316 9.127021 357.077783 89.516619
Prog_20 80.1914 1.083174 544.719887 8.733055
Prog_21 89.924267 1.406407 634.933202 14.777949
Prog_193 52.231224 11.767142 359.355375 95.551252
Prog_192 52.611792 1.055591 367.851017 9.876953
Prog_191 48.225175 0.816901 333.28515 5.566346
Prog_190 66.96022 1.024883 458.896496 7.00931
Prog_197 70.775941 0.828449 484.992531 4.620896
Prog_196 50.037834 10.5148 357.68174 81.223379
Prog_195 19.012378 0.101946 147.489013 0.358051
Prog_194 43.261453 0.732024 309.000922 6.826259
Prog_199 48.985196 1.226775 352.755114 10.415335
Prog_198 30.680491 1.348048 230.565354 19.764384
Prog_77 52.561016 0.93367 349.763454 7.825478
Prog_119 71.425109 1.21719 500.953532 13.13558
Prog_118 74.600354 14.065895 537.257491 110.410875
Prog_113 60.12498 9.706782 429.866746 72.734918
Prog_71 67.626951 10.846121 479.013529 88.289402
Prog_111 50.473264 0.916424 343.866736 10.150549
Prog_110 57.393624 0.774076 398.931537 3.894935
Prog_117 67.875874 0.916785 477.551261 7.041359
Prog_116 48.199551 8.329988 345.080672 60.75381
Prog_115 42.020674 0.400949 312.776684 1.979318
Prog_152 47.281826 8.94739 326.311583 72.501563
Prog_59 70.605065 1.015953 514.476668 8.93029
Prog_58 48.37331 9.285352 350.158157 74.949128
Prog_73 70.778502 0.94418 512.477364 7.369764
Prog_53 71.661581 1.03364 492.621186 11.081551
Prog_52 57.114178 8.928071 396.431142 72.5384
Prog_51 55.48126 10.748629 378.477352 79.837317
Prog_50 61.645135 10.210197 444.624112 78.894092
Prog_55 62.178715 1.472898 434.294006 11.958909
Prog_54 68.300045 1.054361 489.654113 9.644945
Prog_112 51.841002 8.209887 375.295031 66.37384
Prog_203 50.378154 0.686874 361.541145 7.611603
Prog_202 52.559032 0.83149 373.627299 6.26448
Prog_201 65.847021 1.07754 466.91247 8.671373
Prog_200 47.816092 0.951739 335.210342 8.930275
Prog_207 34.310236 0.68713 263.68076 6.622708
Prog_206 45.600814 10.148459 317.773336 75.233239
Prog_205 31.919594 5.993935 213.532792 45.015919
Prog_204 67.496611 0.870107 474.01247 8.362572
Prog_209 62.155377 0.969527 435.504765 10.35098
Prog_208 72.247428 0.725952 489.687459 5.541983
Prog_211 50.762585 1.032062 397.23323 9.752555
Prog_128 57.862263 0.945256 421.37855 8.779861
Prog_129 67.394637 1.341011 503.982311 14.233594
Prog_127 69.087134 1.236415 483.331062 14.519343
Prog_124 74.536867 1.131572 525.036226 8.707176
Prog_125 53.135195 8.358441 373.198678 62.165132
Prog_122 53.477523 9.600349 380.368322 78.048479
Prog_123 60.590621 11.738887 449.66385 94.483258
Prog_120 67.092173 11.777905 466.527665 87.573259
Prog_121 58.743539 11.120048 426.968278 90.322283
Prog_48 64.156273 15.993436 469.822992 128.254293
Prog_49 63.942137 0.959378 451.939839 11.291517
Prog_40 51.537563 1.087551 344.682658 12.520736
Prog_41 51.399681 10.524393 383.393418 90.527877
Prog_42 50.218799 0.380049 385.001105 1.164939
Prog_43 45.530686 0.92232 343.849491 8.551172
Prog_44 86.430086 17.972967 633.151174 151.446614
Prog_45 76.135702 0.989346 535.228896 8.220809
Prog_46 65.957616 13.909674 458.292459 111.41033
Prog_47 95.653134 1.593132 702.904797 14.717343
Prog_150 66.987708 15.882246 460.227295 125.461069
Prog_131 72.511003 1.278583 511.014372 12.606
Prog_130 85.940916 1.368892 616.751888 13.70648
Prog_133 73.768257 1.35937 508.747065 11.952016
Prog_132 64.452347 1.220233 486.235691 11.544991
Prog_135 45.101396 7.728461 331.768069 67.798203
Prog_134 46.67185 8.081982 331.291269 63.419915
Prog_137 70.273564 1.250166 491.892658 12.988752
Prog_136 73.671108 1.174541 516.797683 11.393412
Prog_139 75.522786 1.088292 561.084915 9.844562
Prog_84 76.156118 1.216009 535.84095 11.600633
Prog_101 72.523376 1.289829 508.266715 11.622485
Prog_102 69.5432 0.158671 478.487814 1.400763
Prog_103 58.225724 10.078559 414.802834 84.368526
Prog_80 44.825942 0.684141 344.781645 5.288926
Prog_81 75.007503 1.168398 540.984653 9.917838
Prog_144 50.406525 0.817272 382.177846 11.323275
Prog_145 44.818139 8.114761 350.251034 67.028902
Prog_146 50.942461 1.242955 359.140734 16.378511
Prog_147 58.817201 0.494499 431.387378 3.269318
Prog_140 71.134779 1.163824 477.414734 10.933629
Prog_141 56.244896 0.774895 379.999814 7.088938
Prog_142 77.089703 1.451524 567.556022 13.478625
Prog_83 0.0 0.0 0.0 0.0
Prog_148 60.450117 1.147101 443.181532 8.638069
