IACSP95-3018 0.520523 10.784824 3.098438 78.447242
IACSP95-3018 1.147183 16.513916 7.623518 117.237089
IACSP95-3018 2.054383 14.886388 11.454956 106.913789
IACSP95-3018 1.019644 20.445536 5.738075 154.969708
IACSP95-3018 0.0 18.959179 0.0 130.965529
IACSP95-3018 0.0 18.569687 0.0 134.122896
IACSP95-3018 1.295861 11.061482 8.434282 81.348508
IACSP95-3018 2.983242 19.27918 20.219284 136.106213
IACSP95-3018 2.03876 20.067424 13.896636 145.645307
IACSP95-3018 1.852469 14.944586 11.751656 106.976845
IACSP95-3018 1.558337 10.545298 8.17288 70.556434
IACSP95-3018 0.627061 14.973318 2.116279 109.161679
IACSP93-3046 0.0 20.547953 0.0 148.128363
IACSP93-3046 0.0 17.476695 0.0 127.989313
IACSP93-3046 0.0 13.918777 0.0 102.545135
IACSP93-3046 0.0 19.648095 0.0 148.799228
IACSP93-3046 0.0 19.925462 0.0 150.059852
IACSP93-3046 0.0 17.546169 0.0 123.552356
IACSP93-3046 0.0 18.708826 0.0 133.992696
IACSP93-3046 0.0 17.423673 0.0 127.027909
IACSP93-3046 0.0 12.126551 0.0 81.929198
IACSP93-3046 0.0 15.609879 0.0 110.414991
IACSP93-3046 0.0 20.82385 0.0 159.840951
IACSP93-3046 0.0 18.104428 0.0 131.147472
