Prog_157 43.140466 5.02002 349.90629 40.331919
Prog_156 41.052098 9.168779 314.168713 77.569387
Prog_155 37.987661 3.1009 273.014494 26.281107
Prog_76 45.71696 6.059333 343.704433 46.926688
Prog_153 33.486575 3.732389 239.447922 30.978832
Prog_70 50.891048 0.0 387.058319 0.0
Prog_151 50.722962 5.865457 395.176267 45.752124
Prog_72 50.000943 5.663723 364.117307 43.463592
Prog_79 44.055649 6.329518 332.766235 54.247239
Prog_78 47.7559 6.557581 362.098837 55.079971
Prog_159 13.892951 2.856761 90.129339 24.865772
Prog_158 21.317383 2.372705 146.614284 17.038054
Prog_17 47.526567 8.437186 335.966934 68.876806
Prog_18 42.524054 6.179872 312.406503 54.623508
Prog_114 37.789529 3.211716 286.081094 32.592955
Prog_168 49.155927 0.021079 391.714488 0.179311
Prog_162 32.511864 8.548358 236.082182 65.803633
Prog_163 37.753866 5.138712 266.546969 41.321412
Prog_160 49.681432 0.057862 362.720066 0.492114
Prog_161 29.803489 5.71343 211.295564 44.859936
Prog_166 29.466231 2.878112 209.422096 25.846615
Prog_167 25.114242 4.479769 189.825469 38.65563
Prog_164 54.639885 6.210164 389.645063 44.178759
Prog_165 23.386702 2.445653 184.808304 21.070704
Prog_63 30.353588 3.9125 214.129051 34.383054
Prog_61 31.779111 4.120808 231.570216 34.325136
Prog_66 27.240309 0.0 207.35146 0.0
Prog_67 50.465467 7.331697 375.30317 58.483525
Prog_64 49.810534 6.030734 400.006938 53.648065
Prog_65 46.247759 5.205221 320.949467 40.153181
Prog_69 43.163528 12.971039 340.963755 106.488097
Prog_30 42.72715 4.507333 315.997101 41.141479
Prog_175 46.717565 3.733469 347.827733 29.723165
Prog_174 38.355739 0.0 301.257316 0.0
Prog_177 36.95372 0.258783 279.834957 1.646579
Prog_176 47.376811 7.649668 376.299669 59.653088
Prog_171 31.745676 6.090783 225.218051 44.730965
Prog_170 53.147493 0.044532 401.243017 0.378674
Prog_173 32.375541 5.740876 245.902233 49.463397
Prog_172 41.481594 4.089765 291.492308 30.202
Prog_99 36.453995 9.445317 283.257636 75.115913
Prog_98 46.786694 5.777359 353.715609 50.966612
Prog_96 47.480807 0.124171 346.360025 1.05575
Prog_95 27.856918 3.154501 203.006752 26.358032
Prog_94 17.237213 4.440784 122.151482 39.371531
Prog_93 53.486957 0.0 393.388238 0.0
Prog_92 43.336102 9.987092 333.573228 82.161848
Prog_91 39.857012 5.024199 292.629373 44.023426
Prog_90 46.425634 0.112095 335.717314 0.341627
Prog_31 43.689258 0.153689 323.672805 1.306752
Prog_210 31.27045 6.678814 220.724828 56.05385
Prog_33 38.921549 5.202186 282.455247 38.288763
Prog_35 45.099228 7.857888 342.3485 63.53259
Prog_34 45.644876 5.869323 331.496895 49.421473
Prog_37 54.864553 5.135803 387.627108 38.470847
Prog_36 51.926748 5.181383 374.836641 44.154967
Prog_39 34.460416 3.509794 280.152764 30.264406
Prog_38 49.937513 8.932024 343.003449 68.186249
Prog_212 37.748542 3.348261 297.004359 27.812384
Prog_213 36.599118 3.789655 263.897884 32.016346
Prog_214 30.339744 0.0 220.674502 0.0
Prog_215 36.308893 2.889828 261.751279 22.833136
Prog_180 35.748474 0.0 277.953922 0.0
Prog_181 40.097339 5.034777 283.2312 42.834624
Prog_182 47.416031 3.924081 367.675847 31.800369
Prog_183 40.346085 8.261493 283.940807 64.53384
Prog_184 43.591706 0.048276 315.669079 0.410548
Prog_185 46.846787 3.858955 320.860266 27.514027
Prog_186 47.321267 2.759818 359.558357 23.260127
Prog_187 33.346431 5.984018 268.171215 50.572413
Prog_188 28.041534 2.996101 202.849979 22.114938
Prog_189 33.947748 6.80024 252.504117 56.268901
Prog_108 42.798169 0.0 315.387014 0.0
Prog_109 30.513163 3.72015 238.086991 31.802793
Prog_88 47.208178 6.539227 359.838947 48.986174
Prog_89 46.868428 5.792598 368.72951 48.879199
Prog_100 36.15474 5.946925 284.441808 51.67305
Prog_85 47.632312 6.141296 337.310847 50.757869
Prog_86 54.15139 6.095962 407.602021 54.550688
Prog_87 45.386517 7.015121 318.318009 54.787593
Prog_104 44.962566 4.252844 332.881356 33.494515
Prog_105 43.574236 6.032739 337.637118 42.224325
Prog_106 20.893912 4.239341 157.946697 36.201513
Prog_107 40.504844 4.087906 324.853818 37.218412
Prog_28 52.057876 5.588407 408.795653 49.044809
Prog_29 44.188704 4.30508 339.24535 35.56878
Prog_26 47.771603 4.799395 343.77743 40.993182
Prog_27 54.295699 3.742923 408.930612 34.460412
Prog_24 51.472924 4.888473 372.061601 36.419262
Prog_25 45.385694 4.165616 363.774418 36.50161
Prog_22 48.645327 5.651303 368.725201 47.674012
Prog_23 43.483831 0.0 311.682025 0.0
Prog_20 48.80687 11.119784 348.436307 90.116848
Prog_21 43.694007 4.431855 323.845022 37.251363
Prog_193 39.595373 8.469685 294.205948 66.068928
Prog_192 39.73165 4.617427 295.993961 38.46728
Prog_191 47.088918 5.861858 369.876541 50.712311
Prog_190 50.264252 0.078463 412.43546 0.667326
Prog_197 43.927901 4.356395 348.428247 34.631838
Prog_196 38.584681 3.325261 293.039714 28.217536
Prog_195 48.749916 4.073811 380.549875 35.082395
Prog_194 45.3548 0.0 335.3763 0.0
Prog_199 21.96865 5.062607 180.36822 45.218833
Prog_198 47.990037 0.0 357.021085 0.0
Prog_77 0.0 1.223288 0.0 10.563897
Prog_119 39.719949 3.416769 315.939648 26.588222
Prog_118 58.839866 0.0 447.355088 0.0
Prog_113 34.825167 6.425939 255.053827 50.970222
Prog_71 48.927374 12.037546 371.841122 98.200419
Prog_111 37.74696 7.306552 287.410496 58.105266
Prog_110 35.199523 4.394943 287.047953 38.504783
Prog_117 29.771935 8.641157 206.597968 67.171946
Prog_116 48.669887 5.525151 364.400396 42.931199
Prog_115 49.837215 0.056244 360.187431 0.478009
Prog_152 35.816781 3.501605 280.656776 29.137381
Prog_59 44.509102 5.085402 345.23707 43.609165
Prog_58 43.88308 10.317829 341.35557 84.546033
Prog_73 45.170425 5.844591 349.884139 51.150377
Prog_53 40.769112 5.352215 299.335181 48.093828
Prog_52 69.217147 6.57453 545.354716 56.815509
Prog_51 51.202288 2.934844 427.281243 26.702274
Prog_50 53.733445 5.418754 381.131003 41.872231
Prog_55 24.571941 4.427724 209.656376 39.223322
Prog_54 55.08438 0.0 435.239182 0.0
Prog_112 39.014069 7.945696 284.42634 66.802992
Prog_203 44.160008 3.926015 328.867605 29.498615
Prog_202 31.232476 4.942809 230.944595 42.121892
Prog_201 48.90859 5.830722 375.136064 48.949603
Prog_200 46.530624 8.303985 339.854678 64.239774
Prog_207 26.722056 4.988774 222.120836 43.227054
Prog_206 39.969052 3.83492 315.870717 32.474015
Prog_205 27.968337 3.774638 207.370122 31.729563
Prog_204 31.925116 3.055285 235.199607 22.747003
Prog_209 30.738348 6.250595 227.088921 53.255385
Prog_208 32.532371 4.157063 248.174923 43.345889
Prog_211 38.140744 7.231429 256.653469 57.797349
Prog_128 45.393841 9.830638 333.109982 83.312455
Prog_129 43.013709 5.625745 308.061976 43.098508
Prog_127 40.748509 9.534474 295.989673 77.420438
Prog_124 48.631235 9.224317 334.382986 69.539652
Prog_125 47.401036 4.029587 359.8876 31.52454
Prog_122 59.875335 0.0 464.384973 0.0
Prog_123 46.005183 5.278441 357.220327 40.312872
Prog_120 63.478102 0.0 498.584499 0.0
Prog_121 75.030283 0.235322 568.588965 2.000887
Prog_48 36.31152 4.423565 252.361884 35.076321
Prog_49 50.585255 5.579283 366.338727 40.691105
Prog_40 44.328341 4.721207 326.181076 39.362541
Prog_41 51.01276 5.364823 372.549871 43.728337
Prog_42 0.0 2.07877 0.0 12.447636
Prog_43 20.470593 1.926119 154.344322 14.368045
Prog_44 54.04855 6.200378 397.490766 52.42811
Prog_45 53.787947 0.0 377.472811 0.0
Prog_46 55.369447 0.0 455.481872 0.0
Prog_47 28.393873 3.653201 223.982971 28.548778
Prog_150 49.250801 11.198279 347.043898 89.391297
Prog_131 53.114463 0.336254 385.965284 1.09832
Prog_130 46.463765 6.800612 344.298452 58.869683
Prog_133 38.161695 3.897602 311.980389 36.833911
Prog_132 37.790348 3.661845 272.636223 27.880472
Prog_135 41.820463 3.987658 320.06074 32.903776
Prog_134 27.638088 0.0 214.049333 0.0
Prog_137 40.179801 3.983761 308.459392 34.792236
Prog_136 32.759116 7.239749 247.3283 60.041954
Prog_139 45.461726 3.736829 364.492926 33.745703
Prog_84 33.029502 7.852909 221.658781 58.162267
Prog_101 54.758588 0.061404 406.15719 0.522234
Prog_102 36.289988 4.794244 297.776986 44.317205
Prog_103 39.458728 3.56669 296.510801 33.695702
Prog_80 47.038938 4.874014 343.916985 39.020013
Prog_81 44.113214 5.065207 332.841042 41.572414
Prog_144 40.285614 10.654503 327.235822 87.969012
Prog_145 39.771782 0.00337 311.073835 0.028655
Prog_146 18.735681 1.898803 156.508807 19.70352
Prog_147 20.402454 5.118494 148.820045 42.973611
Prog_140 45.259862 4.03439 356.371879 31.776537
Prog_141 39.931167 4.040478 306.449927 34.454029
Prog_142 37.824181 3.834932 312.820793 32.492666
Prog_83 0.0 0.0 0.0 0.0
Prog_148 43.065853 10.879055 308.536558 94.864253
