IACSP95-3018 0.0 18.38062 0.0 142.946455
IACSP95-3018 0.0 12.462792 0.0 87.21417
IACSP95-3018 0.0 12.701696 0.0 89.370498
IACSP95-3018 0.0 15.967521 0.0 117.735668
IACSP95-3018 0.0 13.236382 0.0 93.917545
IACSP95-3018 0.0 17.812674 0.0 122.773118
IACSP95-3018 0.0 5.505268 0.0 41.313838
IACSP95-3018 0.0 12.238528 0.0 88.319307
IACSP95-3018 0.0 14.202245 0.0 102.933749
IACSP95-3018 0.0 14.498436 0.0 102.736972
IACSP95-3018 0.0 13.099834 0.0 93.113841
IACSP95-3018 0.0 13.57143 0.0 97.681151
IACSP93-3046 1.683112 11.607968 9.146951 82.360372
IACSP93-3046 1.202752 9.191162 7.731592 70.257675
IACSP93-3046 1.837757 14.587455 12.288871 110.988527
IACSP93-3046 1.925671 14.699742 11.999613 102.358001
IACSP93-3046 2.016498 15.69822 12.9473 111.222727
IACSP93-3046 1.250315 10.956359 7.603033 79.312143
IACSP93-3046 1.405552 10.776923 9.423368 78.199842
IACSP93-3046 1.538348 11.749856 8.096976 89.265425
IACSP93-3046 1.007347 8.334332 6.709012 61.160628
IACSP93-3046 2.30288 17.712136 13.727787 131.585704
IACSP93-3046 1.239506 10.264139 7.737467 75.800608
IACSP93-3046 1.933137 15.304612 11.913204 106.696768
