Prog_157 0.0 35.684894 0.0 317.800403
Prog_156 3.80334 27.424289 23.224236 223.694754
Prog_155 4.342318 27.592357 22.962028 218.959849
Prog_76 3.973573 32.808432 24.678161 258.942751
Prog_153 4.291941 30.708317 27.834996 247.9875
Prog_70 0.0 28.19415 0.0 257.00501
Prog_151 3.155194 22.827051 20.826369 201.930093
Prog_72 0.0 34.464668 0.0 287.436358
Prog_79 4.521379 31.33922 29.161843 260.425969
Prog_78 0.0 18.808752 0.0 160.559142
Prog_159 6.023235 37.712956 39.243901 304.991625
Prog_158 4.215606 31.456202 27.060649 271.54698
Prog_17 3.373518 26.393376 24.238154 240.709446
Prog_18 0.0 37.118632 0.0 341.878718
Prog_114 0.0 21.27448 0.0 187.875768
Prog_168 0.0 35.9782 0.0 326.487128
Prog_162 0.0 39.891573 0.0 320.879007
Prog_163 4.679801 33.098634 31.070012 278.811794
Prog_160 6.061486 34.042412 38.608392 285.943169
Prog_161 0.0 28.058027 0.0 230.9018
Prog_166 5.266228 32.773723 35.356813 269.032386
Prog_167 0.0 26.658044 0.0 226.369218
Prog_164 0.0 30.140894 0.0 262.478727
Prog_165 0.0 32.71622 0.0 293.265099
Prog_63 2.74942 21.744806 18.288581 176.904062
Prog_61 0.0 13.983563 0.0 116.068535
Prog_66 0.0 37.48556 0.0 324.15616
Prog_67 3.204471 19.911768 20.465957 170.382067
Prog_64 0.0 26.083132 0.0 231.423862
Prog_65 2.264156 18.641089 14.22284 161.553313
Prog_69 3.582687 25.47288 23.697042 234.723972
Prog_30 0.0 41.066151 0.0 363.008767
Prog_175 0.0 48.489315 0.0 429.978525
Prog_174 0.0 31.750943 0.0 312.554069
Prog_177 0.0 35.520208 0.0 298.680465
Prog_176 5.61012 34.228218 34.999206 278.969914
Prog_171 6.377551 37.34637 40.587994 309.399849
Prog_170 3.69874 24.724928 23.094008 209.309242
Prog_173 4.717656 30.921588 30.548256 244.877684
Prog_172 0.0 19.377088 0.0 154.800711
Prog_99 3.407646 28.888518 24.434336 241.459456
Prog_98 2.128809 16.234123 14.714024 128.962544
Prog_96 0.0 33.807219 0.0 299.917962
Prog_95 0.0 30.52159 0.0 273.875749
Prog_94 1.623842 12.562146 10.293697 109.248049
Prog_93 0.0 20.798687 0.0 169.785298
Prog_92 0.0 4.082223 0.0 35.558241
Prog_91 3.882075 27.069196 25.658726 229.33476
Prog_90 3.337666 19.508378 20.962276 151.420716
Prog_31 0.0 33.346727 0.0 290.83478
Prog_210 2.643813 18.539162 15.78086 153.395528
Prog_33 0.0 43.582592 0.0 383.837924
Prog_35 0.0 34.6637 0.0 288.189525
Prog_34 0.0 39.274956 0.0 371.182824
Prog_37 4.464159 30.253099 27.673389 270.560046
Prog_36 0.0 31.5937 0.0 268.140641
Prog_39 4.853659 35.879268 30.605968 291.712658
Prog_38 6.772308 41.019334 39.119396 350.95578
Prog_212 0.0 19.353355 0.0 160.382107
Prog_213 0.0 23.909844 0.0 197.481985
Prog_214 2.861313 25.854173 20.13239 228.837751
Prog_215 0.0 41.85195 0.0 336.006662
Prog_180 2.685299 18.754293 16.633584 151.430327
Prog_181 3.153126 18.27314 20.175429 170.358693
Prog_182 5.363941 30.245294 36.953463 251.22443
Prog_183 3.686289 23.856896 24.567062 208.478516
Prog_184 0.0 47.761933 0.0 394.841537
Prog_185 3.83278 25.464804 22.708176 204.874024
Prog_186 0.0 23.656416 0.0 214.769753
Prog_187 0.0 19.124791 0.0 168.227008
Prog_188 0.0 26.09333 0.0 228.661757
Prog_189 0.0 29.048407 0.0 250.932438
Prog_108 0.0 31.142167 0.0 263.557065
Prog_109 2.341591 16.228247 15.061003 137.263735
Prog_88 4.337656 30.246925 28.101446 266.499746
Prog_89 0.0 30.081631 0.0 263.212113
Prog_100 1.176359 9.920476 7.178679 76.069125
Prog_85 4.127153 28.000271 26.44606 214.467538
Prog_86 6.101798 35.606909 39.820757 287.9679
Prog_87 3.586881 21.676902 25.387771 178.859012
Prog_104 3.580458 24.17452 25.527487 201.154264
Prog_105 1.254842 10.853349 7.377729 83.917425
Prog_106 2.652107 19.866566 18.091692 178.239878
Prog_107 0.0 25.888218 0.0 216.122637
Prog_28 0.0 37.157456 0.0 323.951136
Prog_29 0.0 33.266299 0.0 285.959189
Prog_26 4.429379 30.658118 26.336012 271.402727
Prog_27 4.366737 25.730412 27.493968 215.014778
Prog_24 0.0 19.988349 0.0 173.524001
Prog_25 5.296963 32.99756 33.17868 276.956552
Prog_22 5.125615 32.911583 31.687923 292.719803
Prog_23 2.769001 20.94914 18.950212 202.872018
Prog_20 5.560134 46.461701 35.831368 399.782701
Prog_21 0.0 36.888909 0.0 318.817407
Prog_193 3.246169 22.530922 22.025164 198.921013
Prog_192 0.0 29.060179 0.0 254.83496
Prog_191 1.013007 8.441679 6.203633 74.608861
Prog_190 0.0 33.995463 0.0 284.965224
Prog_197 0.0 39.347853 0.0 352.213894
Prog_196 0.0 31.17477 0.0 247.789503
Prog_195 3.835664 26.107068 24.099375 231.1732
Prog_194 2.904464 21.64882 20.31144 206.217127
Prog_199 0.0 13.726892 0.0 110.413411
Prog_198 4.356231 31.409813 30.467286 274.871307
Prog_77 0.0 21.205508 0.0 172.181342
Prog_119 0.0 47.203407 0.0 385.916202
Prog_118 0.0 38.078101 0.0 313.998179
Prog_113 2.005831 15.873787 13.500364 137.230238
Prog_71 0.0 35.433056 0.0 303.914113
Prog_111 0.0 32.238951 0.0 272.643541
Prog_110 0.0 18.977002 0.0 175.787887
Prog_117 3.274057 25.451124 20.928319 220.725935
Prog_116 0.0 19.543796 0.0 169.958371
Prog_115 0.0 22.783742 0.0 198.46102
Prog_152 0.0 41.836691 0.0 368.885149
Prog_59 4.872413 35.241875 29.483031 304.665781
Prog_58 5.156089 34.627431 29.488755 287.122217
Prog_73 0.0 33.620345 0.0 301.236651
Prog_53 3.223918 20.680814 20.332196 175.82678
Prog_52 6.043634 40.87644 39.075156 352.304462
Prog_51 0.0 34.473921 0.0 295.658011
Prog_50 3.452718 28.034812 24.326997 241.459811
Prog_55 4.139336 28.190834 26.099196 240.704046
Prog_54 2.801228 22.754559 17.333075 202.080555
Prog_112 3.788391 26.066575 23.699807 216.822955
Prog_203 4.11549 31.02289 26.294262 259.425914
Prog_202 1.951778 12.115251 12.480291 106.171297
Prog_201 4.217268 28.445287 26.486092 237.915852
Prog_200 5.64462 29.445579 32.951934 245.752869
Prog_207 0.0 25.660021 0.0 224.852139
Prog_206 4.246484 26.811368 29.924109 221.620624
Prog_205 4.365907 30.45488 29.994711 272.923995
Prog_204 2.633417 19.201448 14.97475 157.921479
Prog_209 0.0 30.790034 0.0 260.7309
Prog_208 2.31829 18.76702 13.622017 158.495091
Prog_211 2.913219 21.778094 20.701014 177.259151
Prog_128 0.0 41.440739 0.0 351.036001
Prog_129 0.0 39.570232 0.0 341.97283
Prog_127 0.0 39.691415 0.0 344.894766
Prog_124 5.227159 36.380637 30.197515 298.862544
Prog_125 0.0 48.568933 0.0 416.461371
Prog_122 0.0 44.165218 0.0 387.121052
Prog_123 0.0 23.477276 0.0 181.132728
Prog_120 0.0 40.185796 0.0 352.13618
Prog_121 4.552234 28.392855 28.961002 251.786582
Prog_48 7.593705 39.650123 43.031324 317.950319
Prog_49 0.0 44.319119 0.0 360.677491
Prog_40 1.78948 12.825763 11.487155 115.656001
Prog_41 5.58874 36.014685 38.807705 313.935303
Prog_42 3.4601 22.762774 24.103456 195.281278
Prog_43 4.189406 33.085363 23.80087 290.449427
Prog_44 8.761515 43.669711 56.333608 376.499981
Prog_45 0.0 34.769865 0.0 297.92681
Prog_46 0.0 29.36526 0.0 268.861102
Prog_47 0.0 30.543749 0.0 264.000179
Prog_150 0.0 27.754471 0.0 246.838341
Prog_131 4.905265 38.037961 30.057503 322.512338
Prog_130 0.0 37.079991 0.0 336.976042
Prog_133 0.0 25.137293 0.0 210.051989
Prog_132 5.778512 35.352174 36.865288 304.332145
Prog_135 4.809564 34.833455 31.408572 288.801137
Prog_134 0.0 35.603637 0.0 292.696532
Prog_137 0.0 44.899994 0.0 358.572797
Prog_136 4.554283 31.211917 31.541318 272.53911
Prog_139 0.0 39.421918 0.0 317.212346
Prog_84 3.962543 28.64807 26.846477 252.035553
Prog_101 0.0 28.029125 0.0 237.698509
Prog_102 0.0 11.449166 0.0 94.359447
Prog_103 3.324265 24.408093 24.1167 213.486857
Prog_80 1.951844 15.570576 11.417751 125.457463
Prog_81 2.121116 17.602043 12.610117 148.416262
Prog_144 5.947453 37.928816 37.089814 328.121254
Prog_145 2.520793 15.58868 15.446763 128.153969
Prog_146 0.0 31.844816 0.0 267.328596
Prog_147 0.0 28.342897 0.0 244.154803
Prog_140 5.813397 37.915793 33.630414 330.861355
Prog_141 4.1216 27.381586 26.109071 223.651865
Prog_142 6.892368 34.684789 41.927865 275.676251
Prog_83 0.0 1.52042 0.0 10.071565
Prog_148 6.655329 41.190485 42.479413 359.974814
