Prog_157 0.0 18.113451 0.0 141.905864
Prog_156 5.845014 29.073814 65.64137 240.477978
Prog_155 1.352055 7.379677 15.323861 63.037742
Prog_76 6.467347 29.054387 58.21067 227.954453
Prog_153 4.498403 15.678513 45.665558 133.725062
Prog_70 0.260672 18.957762 3.460805 135.654787
Prog_151 3.389227 21.895797 32.816996 174.940523
Prog_72 0.0 22.806827 0.0 175.524544
Prog_79 0.0 19.665824 0.0 145.236934
Prog_78 0.0 21.736379 0.0 179.260753
Prog_159 0.0 27.003087 0.0 232.326591
Prog_158 0.562982 0.0 5.747203 0.0
Prog_17 4.065468 21.43623 39.273994 169.740361
Prog_18 2.381896 14.688042 21.524359 114.643668
Prog_114 4.056615 22.39048 44.378079 182.636049
Prog_168 3.361494 17.593774 29.899232 137.409761
Prog_162 3.527685 17.052503 36.941577 136.515553
Prog_163 6.203184 31.573098 53.962416 247.205404
Prog_160 5.797261 29.051166 62.917022 241.697744
Prog_161 4.124455 23.031351 42.608835 182.700793
Prog_166 4.293097 24.769733 38.673563 191.814578
Prog_167 3.184733 19.67356 29.166291 145.676183
Prog_164 0.0 28.67512 0.0 222.097325
Prog_165 0.0 27.856623 0.0 215.624408
Prog_63 4.043863 27.328311 38.652328 210.133961
Prog_61 5.361215 26.255044 53.877085 204.012372
Prog_66 4.568647 25.178717 43.161489 191.59682
Prog_67 0.0 28.182706 0.0 221.954387
Prog_64 6.451127 28.190706 64.449101 225.865944
Prog_65 3.23316 19.696803 33.879648 161.079757
Prog_69 4.967429 26.648936 56.236821 222.656951
Prog_30 0.0 21.887879 0.0 187.551237
Prog_175 3.58479 20.843551 32.340229 162.633458
Prog_174 2.858696 16.895927 31.364913 140.48477
Prog_177 4.261362 25.204369 41.846683 199.342022
Prog_176 0.0 17.545707 0.0 139.954323
Prog_171 3.809979 19.852039 47.811727 165.155744
Prog_170 0.069543 21.979727 13.761407 174.91032
Prog_173 4.803936 22.752322 49.868388 177.837159
Prog_172 0.0 25.29329 0.0 200.226126
Prog_99 5.442155 26.932032 47.488449 199.95164
Prog_98 4.395512 20.578432 42.778365 161.095961
Prog_96 5.43552 30.809741 55.396036 238.967639
Prog_95 0.0 25.928527 0.0 207.374822
Prog_94 0.0 21.777823 0.0 176.025149
Prog_93 0.155611 24.369066 5.276851 178.750086
Prog_92 4.523053 26.897214 51.290477 214.128821
Prog_91 0.174825 26.95041 11.697522 209.013265
Prog_90 4.066455 22.98787 39.771264 178.66316
Prog_31 4.589912 22.834444 56.30723 198.79436
Prog_210 3.825051 21.109437 34.744632 167.457768
Prog_33 0.0 31.925897 0.0 247.918917
Prog_35 2.278046 0.0 13.61867 0.0
Prog_34 0.0 26.349123 0.0 216.681116
Prog_37 0.0 39.275185 0.0 324.312595
Prog_36 5.623418 22.690955 47.860192 177.337525
Prog_39 4.488551 25.221177 51.354799 201.398791
Prog_38 0.0 29.540692 0.0 237.343575
Prog_212 0.0 22.066904 0.0 172.059452
Prog_213 0.0 18.074988 0.0 142.159713
Prog_214 0.0 22.905111 0.0 187.109935
Prog_215 3.729882 21.933572 39.435029 172.323393
Prog_180 0.0 16.755616 0.0 124.771586
Prog_181 0.0 23.348094 0.0 181.172468
Prog_182 0.0 23.746868 0.0 181.906099
Prog_183 4.97955 25.177205 44.915446 193.450601
Prog_184 0.0 26.880182 0.0 210.289455
Prog_185 4.490124 24.839039 42.341495 193.419036
Prog_186 0.337655 23.029634 11.240319 181.805041
Prog_187 0.0 22.741319 0.0 182.870798
Prog_188 3.058664 17.641751 30.599356 135.945822
Prog_189 0.0 27.043074 0.0 212.03417
Prog_108 3.527908 23.001303 32.574706 171.943019
Prog_109 0.0 30.049515 0.0 239.658285
Prog_88 0.0 30.094845 0.0 242.393343
Prog_89 6.678596 32.887819 63.818866 258.426418
Prog_100 4.028818 21.721698 37.070351 171.576846
Prog_85 0.0 32.716596 0.0 259.016628
Prog_86 0.0 28.981057 0.0 231.971151
Prog_87 7.453906 30.735808 75.929838 249.11914
Prog_104 0.0 32.057902 0.0 251.582356
Prog_105 4.763161 25.44057 50.190712 200.683228
Prog_106 0.0 25.129482 0.0 196.737949
Prog_107 0.0 23.551686 0.0 183.125076
Prog_28 0.0 22.12804 0.0 187.636011
Prog_29 0.980367 24.491456 14.251288 189.841937
Prog_26 3.159815 16.420776 33.646229 133.864677
Prog_27 3.90547 16.888125 40.284205 135.753814
Prog_24 4.257554 24.687479 47.758637 196.455187
Prog_25 0.0 22.707789 0.0 180.292493
Prog_22 0.0 19.843732 0.0 150.240785
Prog_23 5.532909 27.6966 63.099828 236.652741
Prog_20 6.420758 30.950759 65.422374 253.967513
Prog_21 0.0 26.188068 0.0 200.550986
Prog_193 3.102807 17.813963 27.704895 140.624877
Prog_192 0.30324 22.314251 11.765541 181.747283
Prog_191 0.0 31.266686 0.0 244.092802
Prog_190 0.0 22.862169 0.0 181.411887
Prog_197 0.0 23.275526 0.0 186.352513
Prog_196 0.0 20.561723 0.0 165.439417
Prog_195 3.488567 19.32859 33.412547 153.202275
Prog_194 5.033691 24.160125 47.589968 190.052459
Prog_199 4.839581 22.958514 51.851735 194.975086
Prog_198 0.0 21.041627 0.0 163.585291
Prog_77 4.603312 22.47346 44.26288 175.68421
Prog_119 4.889231 24.102684 64.422844 203.24273
Prog_118 6.139794 25.755823 63.763378 204.302891
Prog_113 0.0 25.091619 0.0 199.213737
Prog_71 0.0 28.199547 0.0 222.938837
Prog_111 0.0 25.165185 0.0 195.259201
Prog_110 4.14738 26.622203 39.738146 215.58541
Prog_117 3.37466 21.806836 30.862221 165.552945
Prog_116 5.876039 28.17476 56.046179 222.402532
Prog_115 0.0 32.463614 0.0 261.016214
Prog_152 3.557253 15.538442 31.77883 119.317642
Prog_59 0.0 33.918953 0.0 259.14083
Prog_58 4.731538 27.059431 51.665395 217.446915
Prog_73 0.0 24.959846 0.0 201.495703
Prog_53 5.620753 26.726641 53.741585 213.804093
Prog_52 0.0 24.250002 0.0 204.826789
Prog_51 4.054514 24.234727 45.397271 193.600638
Prog_50 0.0 28.691314 0.0 212.079708
Prog_55 4.369301 27.431842 41.985878 210.23539
Prog_54 5.029972 26.978222 59.854452 228.605981
Prog_112 0.0 30.502173 0.0 229.206511
Prog_203 0.951524 9.859303 10.606059 78.208479
Prog_202 0.171344 21.989573 6.063715 173.710843
Prog_201 2.370036 14.279453 23.289662 110.106786
Prog_200 0.0 30.513705 0.0 240.221232
Prog_207 0.0 17.036276 0.0 141.957038
Prog_206 0.0 19.326443 0.0 162.353555
Prog_205 2.615895 17.440868 25.021015 134.689997
Prog_204 0.0 22.635575 0.0 174.595375
Prog_209 3.701814 21.909861 43.356888 181.394875
Prog_208 3.73379 21.33963 36.575116 170.140825
Prog_211 5.265055 24.718624 50.19782 196.376313
Prog_128 5.216874 25.171129 56.060116 199.425078
Prog_129 5.911814 31.979195 64.852405 249.193756
Prog_127 5.503556 28.5769 50.568576 211.590579
Prog_124 0.0 24.843705 0.0 193.918766
Prog_125 8.100795 35.146534 84.649206 287.990397
Prog_122 5.835329 27.022625 55.619253 211.48048
Prog_123 4.919336 28.204436 44.683758 217.407686
Prog_120 0.041519 27.919601 10.772586 224.700407
Prog_121 4.890012 27.709561 52.692506 223.002088
Prog_48 0.0 17.206582 0.0 124.505117
Prog_49 0.0 35.718826 0.0 278.289221
Prog_40 0.0 28.192951 0.0 225.104965
Prog_41 4.314642 28.11825 48.823921 223.871852
Prog_42 5.465481 23.539909 57.486366 187.551173
Prog_43 4.146355 20.661831 37.550328 165.140779
Prog_44 5.309814 27.568371 46.545438 215.650547
Prog_45 0.0 35.251981 0.0 295.992096
Prog_46 4.665735 22.684824 51.178361 183.333359
Prog_47 5.325172 25.333019 51.920675 198.78523
Prog_150 0.0 28.635906 0.0 229.313361
Prog_131 0.0 33.181801 0.0 272.081078
Prog_130 3.524555 17.475577 33.301184 135.850149
Prog_133 0.0 31.108572 0.0 258.767191
Prog_132 0.0 25.991132 0.0 207.628726
Prog_135 0.0 29.521423 0.0 242.119285
Prog_134 3.333341 23.096138 39.66987 192.467192
Prog_137 5.643949 26.162387 52.470294 195.074275
Prog_136 0.0 21.774494 0.0 171.267332
Prog_139 0.0 29.582569 0.0 228.292721
Prog_84 0.0 26.227904 0.0 212.403546
Prog_101 0.0 27.581837 0.0 220.877941
Prog_102 0.0 20.394067 0.0 157.700644
Prog_103 3.267491 21.099862 31.924443 168.794287
Prog_80 4.071896 23.027514 41.724583 184.327878
Prog_81 0.0 18.85136 0.0 146.793089
Prog_144 4.376527 25.547614 47.543257 204.193277
Prog_145 0.0 19.739971 0.0 151.60271
Prog_146 0.0 27.029658 0.0 217.401484
Prog_147 4.616308 25.88469 48.534855 205.023512
Prog_140 4.577745 22.828809 43.996212 184.71193
Prog_141 3.216247 15.711113 33.921612 130.995606
Prog_142 4.038272 22.924928 40.227445 184.565265
Prog_83 0.122136 23.858995 5.927813 180.876341
Prog_148 0.0 28.442942 0.0 224.44215
