IACSP95-3018 2.144903 26.102652 11.576464 204.074265
IACSP95-3018 1.344787 17.793103 6.541144 138.124874
IACSP95-3018 1.067163 15.654278 5.087454 119.998799
IACSP95-3018 2.061953 22.482069 11.825419 179.97674
IACSP95-3018 2.577759 28.992172 14.352482 221.847237
IACSP95-3018 1.794716 23.875112 9.718255 186.266608
IACSP95-3018 1.649955 23.472214 9.534924 188.57244
IACSP95-3018 2.471679 27.978632 13.053694 220.355759
IACSP95-3018 1.65514 21.826496 8.986492 157.313526
IACSP95-3018 1.597242 20.850531 7.703186 164.789652
IACSP95-3018 2.156286 26.940477 10.587405 203.799365
IACSP95-3018 2.815507 25.352677 15.133896 187.274924
IACSP93-3046 0.0 14.902862 0.0 119.167947
IACSP93-3046 0.0 17.946973 0.0 150.56114
IACSP93-3046 0.0 24.880575 0.0 196.094367
IACSP93-3046 0.0 18.254096 0.0 142.318385
IACSP93-3046 0.0 29.181561 0.0 230.32636
IACSP93-3046 0.0 20.175522 0.0 155.645342
IACSP93-3046 0.0 26.460268 0.0 207.93684
IACSP93-3046 0.0 26.448959 0.0 195.036715
IACSP93-3046 0.0 26.828598 0.0 211.187475
IACSP93-3046 0.0 18.728276 0.0 146.808583
IACSP93-3046 0.0 23.025018 0.0 174.25587
IACSP93-3046 0.0 23.763189 0.0 186.817572
