Prog_157 4.197726 42.185456 24.534249 383.928547
Prog_156 4.491837 42.090855 25.053555 377.02826
Prog_155 6.831406 31.301019 45.306557 293.929012
Prog_76 3.393147 37.257801 20.854786 324.472838
Prog_153 3.648477 42.168193 20.519753 368.226626
Prog_70 5.340068 24.892491 37.656479 216.008176
Prog_151 8.856732 38.232702 60.383553 385.566593
Prog_72 2.677162 30.203453 15.544693 265.97174
Prog_79 0.0 44.882802 0.0 404.654471
Prog_78 3.219334 30.846357 20.080485 280.822647
Prog_159 6.702546 31.589184 44.287052 286.375884
Prog_158 3.443596 35.600057 19.813379 308.469077
Prog_17 7.865921 34.153539 55.543297 352.378233
Prog_18 5.013839 44.612042 29.835663 381.324801
Prog_114 0.0 46.490574 0.0 397.635265
Prog_168 3.767034 41.236876 24.40637 383.470113
Prog_162 2.5629 26.163622 13.913518 225.774986
Prog_163 5.672775 50.140746 34.756656 452.725487
Prog_160 11.460523 47.545936 81.60014 446.111497
Prog_161 11.730377 51.82016 78.334181 452.12448
Prog_166 3.76146 44.054271 21.955999 365.215993
Prog_167 3.186843 41.764894 17.27031 388.379892
Prog_164 4.763785 51.663419 28.115229 481.978332
Prog_165 0.0 63.700598 0.0 542.385368
Prog_63 0.0 27.781323 0.0 235.667746
Prog_61 0.0 43.346628 0.0 371.754731
Prog_66 3.985255 43.605176 23.703572 383.634148
Prog_67 2.660163 38.876068 14.204315 354.807107
Prog_64 5.086984 53.710688 30.260912 462.253629
Prog_65 0.0 26.321447 0.0 270.939439
Prog_69 4.834552 25.014458 31.345689 229.457865
Prog_30 0.0 36.895763 0.0 329.341336
Prog_175 5.945519 53.186418 37.690423 463.269808
Prog_174 0.0 46.143616 0.0 421.353611
Prog_177 4.585321 52.420808 27.155076 460.747906
Prog_176 8.354294 33.386961 53.757946 294.20843
Prog_171 10.819469 43.817369 69.370431 401.599721
Prog_170 6.156591 55.839974 36.457838 497.250491
Prog_173 7.728174 35.611007 48.274214 301.251218
Prog_172 3.854816 34.528033 23.869578 313.259275
Prog_99 0.0 31.901408 0.0 291.419628
Prog_98 3.72594 38.183023 23.687461 319.881473
Prog_96 3.292761 36.933696 21.08142 314.350459
Prog_95 3.161355 34.49712 18.416657 297.725749
Prog_94 1.392133 19.801269 8.578777 162.394882
Prog_93 0.0 38.467256 0.0 326.240286
Prog_92 0.0 37.727189 0.0 348.567561
Prog_91 6.39101 28.245158 39.312161 254.526364
Prog_90 0.0 43.286295 0.0 373.806173
Prog_31 0.0 25.293294 0.0 236.774797
Prog_210 8.497653 35.799238 56.363969 316.664582
Prog_33 9.501814 33.783961 60.455029 315.995589
Prog_35 4.129822 40.964524 25.935157 360.410958
Prog_34 3.279023 36.060565 20.411485 342.698142
Prog_37 2.663865 25.966284 16.128321 223.945964
Prog_36 3.378384 36.229078 21.501613 327.81958
Prog_39 0.0 41.566251 0.0 375.988402
Prog_38 0.0 51.629344 0.0 460.987158
Prog_212 3.827719 39.834177 23.568259 413.522386
Prog_213 6.983183 30.137088 49.707399 279.315233
Prog_214 3.716574 35.437037 19.225685 318.542493
Prog_215 0.0 37.471281 0.0 347.026609
Prog_180 4.416164 45.901883 25.909597 398.099502
Prog_181 5.081593 45.267371 29.538745 388.554807
Prog_182 4.200197 40.397236 24.237859 351.639979
Prog_183 2.638221 32.368128 15.680684 277.152256
Prog_184 0.0 57.457361 0.0 498.837844
Prog_185 4.03964 47.298266 24.334374 444.504539
Prog_186 7.048105 30.842355 45.421379 278.143935
Prog_187 7.742657 45.248994 50.87572 417.136148
Prog_188 1.482554 15.79176 9.55431 128.820152
Prog_189 4.157408 43.245261 23.707329 406.206378
Prog_108 4.101242 35.53339 24.875426 324.349736
Prog_109 3.029998 40.270529 15.063204 356.315621
Prog_88 3.482807 35.313022 21.374194 320.720982
Prog_89 2.031139 28.629752 10.761923 234.865741
Prog_100 8.549424 38.466109 57.931755 328.957452
Prog_85 1.80658 24.020591 10.402483 218.701495
Prog_86 7.752723 27.113524 56.053368 253.01742
Prog_87 2.932891 34.331776 15.722727 303.975102
Prog_104 0.0 40.107003 0.0 372.821799
Prog_105 3.126447 35.614284 18.291013 349.419182
Prog_106 2.756843 33.468662 16.83637 305.960227
Prog_107 0.0 42.83199 0.0 375.896834
Prog_28 0.0 53.736234 0.0 459.08847
Prog_29 10.396233 47.512 71.693131 456.519292
Prog_26 6.93913 33.066378 45.857109 279.114917
Prog_27 9.327312 36.053179 62.011661 328.372277
Prog_24 3.277829 16.19993 25.485975 168.361692
Prog_25 5.27717 46.753414 36.463183 465.937288
Prog_22 4.769716 48.195282 28.353516 442.484636
Prog_23 2.657158 34.61103 15.282664 332.661046
Prog_20 4.299114 37.564523 26.785763 340.462873
Prog_21 3.394551 43.390198 19.777794 404.716079
Prog_193 4.716648 36.818163 27.632934 340.990056
Prog_192 0.0 3.141352 0.0 18.985012
Prog_191 11.194575 39.037734 72.720148 365.94321
Prog_190 7.420737 34.726643 53.567463 328.122132
Prog_197 4.113453 35.538811 23.747101 344.330669
Prog_196 0.0 45.337408 0.0 390.046191
Prog_195 10.211116 45.897001 64.086493 407.454036
Prog_194 0.0 34.112928 0.0 307.73973
Prog_199 0.0 43.284718 0.0 377.79757
Prog_198 3.490019 35.595028 20.146432 310.481337
Prog_77 8.862549 37.584864 61.654493 334.187617
Prog_119 11.882342 38.742207 76.536967 345.354659
Prog_118 3.923005 44.589855 21.720089 416.679453
Prog_113 1.69572 25.733536 9.549111 238.283306
Prog_71 0.0 29.704915 0.0 254.413505
Prog_111 0.0 40.727542 0.0 361.957282
Prog_110 4.820199 24.631825 32.233977 217.136467
Prog_117 3.354484 35.126864 20.40963 321.915545
Prog_116 0.0 37.786055 0.0 346.562191
Prog_115 0.0 42.156894 0.0 388.381206
Prog_152 4.133046 49.890287 24.650719 471.673882
Prog_59 8.662522 40.894179 55.845693 376.553871
Prog_58 3.593983 40.030244 22.621416 372.177104
Prog_73 2.587709 33.289127 15.782879 293.194825
Prog_53 1.501101 19.69696 8.78824 167.541041
Prog_52 5.563308 28.125003 38.940437 258.432496
Prog_51 3.537531 42.045798 20.785631 367.128397
Prog_50 0.0 45.136344 0.0 395.932502
Prog_55 12.425207 49.729769 84.451534 436.960353
Prog_54 3.132043 40.759072 18.161768 374.273368
Prog_112 10.408552 43.96489 70.991962 389.686401
Prog_203 3.626877 32.428368 22.472224 307.503817
Prog_202 6.683041 32.168898 47.50624 312.656274
Prog_201 1.015052 24.269503 3.746876 244.420534
Prog_200 4.288157 48.440404 25.260883 442.852394
Prog_207 7.784674 32.428515 55.185949 304.690827
Prog_206 0.0 43.748437 0.0 392.654491
Prog_205 8.958036 32.191747 61.501894 299.481987
Prog_204 3.562367 31.040157 22.819446 304.136952
Prog_209 7.082938 32.330596 46.415925 278.613297
Prog_208 4.112939 35.003784 26.697609 320.300026
Prog_211 3.808929 38.898008 21.949335 364.607217
Prog_128 11.891581 50.778223 75.355973 442.886438
Prog_129 4.590508 53.360696 27.979706 481.146767
Prog_127 4.670668 47.709016 29.933701 448.760329
Prog_124 4.273783 42.062609 24.976553 390.959029
Prog_125 9.576922 35.175773 68.444526 332.487227
Prog_122 0.0 64.670818 0.0 601.47449
Prog_123 0.0 52.854794 0.0 487.196586
Prog_120 3.602203 29.836548 21.553451 267.237684
Prog_121 10.071093 41.058342 71.247819 392.868016
Prog_48 5.724549 49.900295 33.027714 430.851363
Prog_49 4.046266 43.048213 24.490175 397.060889
Prog_40 10.906515 48.587248 80.345814 450.84192
Prog_41 0.0 19.452065 0.0 202.375339
Prog_42 3.764779 51.403475 21.529695 458.724463
Prog_43 8.206499 37.908803 53.146018 357.90132
Prog_44 2.953597 33.17132 18.792433 326.93395
Prog_45 2.881421 26.667329 18.399888 238.925621
Prog_46 0.0 49.665936 0.0 455.407967
Prog_47 4.340821 45.672791 24.834344 424.508791
Prog_150 0.0 0.361496 0.0 3.770004
Prog_131 0.0 53.139754 0.0 491.692375
Prog_130 4.56442 44.956735 29.11928 405.374481
Prog_133 10.605749 40.425736 68.133848 363.876144
Prog_132 9.885763 43.641875 72.24634 404.799728
Prog_135 10.540585 38.144847 75.212671 342.329665
Prog_134 3.105137 42.413525 17.257451 362.897529
Prog_137 3.14708 35.401811 19.018986 299.411632
Prog_136 3.826294 47.482377 23.54254 447.045542
Prog_139 3.233732 44.520928 17.983646 428.169559
Prog_84 3.889174 38.105101 22.282923 331.135684
Prog_101 9.544949 37.686832 66.665603 347.003394
Prog_102 2.799313 34.075754 16.272455 302.124821
Prog_103 3.409816 33.702734 21.515659 317.405958
Prog_80 0.0 40.001348 0.0 348.216425
Prog_81 8.388255 35.811633 56.239873 336.331415
Prog_144 3.550684 39.462794 20.288407 352.708563
Prog_145 5.225989 51.174941 32.358987 450.218803
Prog_146 10.981824 39.442083 77.360829 375.150525
Prog_147 4.597643 46.982143 27.937236 443.384845
Prog_140 4.040305 44.920449 23.29172 381.37479
Prog_141 3.713801 40.060922 24.297139 373.359693
Prog_142 0.0 22.355026 0.0 199.23943
Prog_83 0.0 12.643669 0.0 109.580225
Prog_148 12.022901 42.991001 82.262805 402.950779
