IACSP95-3018 2.247411 18.062089 13.909133 132.885397
IACSP95-3018 2.635074 22.056185 17.803969 173.115571
IACSP95-3018 3.054867 23.230208 19.766234 185.959032
IACSP95-3018 1.586259 9.460375 10.440857 71.116771
IACSP95-3018 2.425874 19.222989 14.520364 143.451818
IACSP95-3018 3.351646 29.383478 20.088664 232.999753
IACSP95-3018 2.209083 15.393939 14.469529 123.111104
IACSP95-3018 3.298103 24.244471 19.813112 188.272049
IACSP95-3018 1.564113 13.626211 10.65228 108.896599
IACSP95-3018 2.786842 22.966172 16.488798 170.977405
IACSP95-3018 2.245019 19.388841 14.290602 150.155236
IACSP95-3018 2.793626 25.523735 17.333046 184.429009
IACSP93-3046 0.0 19.39533 0.0 141.879626
IACSP93-3046 0.0 24.716735 0.0 181.615894
IACSP93-3046 0.0 22.743004 0.0 176.109256
IACSP93-3046 0.0 22.811689 0.0 179.411775
IACSP93-3046 0.0 19.10178 0.0 145.267354
IACSP93-3046 0.0 28.978547 0.0 230.368084
IACSP93-3046 0.0 23.309603 0.0 178.986199
IACSP93-3046 0.0 25.975687 0.0 196.594408
IACSP93-3046 0.0 15.032634 0.0 117.268294
IACSP93-3046 0.0 24.321837 0.0 177.37466
IACSP93-3046 0.0 25.810055 0.0 207.048033
IACSP93-3046 0.0 27.933591 0.0 222.912901
