Prog_157 5.835246 39.308875 38.859084 309.940656
Prog_156 0.0 41.428718 0.0 323.501591
Prog_155 0.0 43.88393 0.0 332.313795
Prog_76 0.0 24.074361 0.0 185.62553
Prog_153 0.0 40.441538 0.0 281.009849
Prog_70 0.0 18.339928 0.0 143.59765
Prog_151 7.790346 42.01716 51.329253 323.450368
Prog_72 0.0 47.383841 0.0 369.952141
Prog_79 5.293721 25.071209 37.16248 194.532313
Prog_78 5.031827 25.226903 36.089537 198.925331
Prog_159 0.0 42.091191 0.0 311.917918
Prog_158 9.689963 55.045135 64.391833 416.142542
Prog_17 0.0 55.609221 0.0 436.102641
Prog_18 6.69464 34.712059 44.227853 254.980783
Prog_114 4.048005 30.342676 27.951485 230.455436
Prog_168 0.0 38.510456 0.0 293.849106
Prog_162 0.0 55.068464 0.0 414.042246
Prog_163 0.0 52.702146 0.0 366.996549
Prog_160 0.0 48.967017 0.0 382.697521
Prog_161 7.278214 31.043887 50.966379 247.075427
Prog_166 7.852661 44.862603 54.620235 345.426473
Prog_167 9.831953 51.636625 63.881106 384.806578
Prog_164 6.852611 46.200217 45.201348 369.094624
Prog_165 7.506915 41.144711 49.887385 308.763013
Prog_63 4.836252 34.20793 31.696539 262.008012
Prog_61 4.658464 25.831562 29.66922 183.611799
Prog_66 5.872781 40.388225 38.202807 323.947392
Prog_67 4.911351 38.095384 31.432945 276.846047
Prog_64 3.73098 26.642492 27.112024 204.997505
Prog_65 0.0 42.620817 0.0 322.634866
Prog_69 0.0 41.671623 0.0 303.516723
Prog_30 10.783699 52.696973 74.222646 392.202282
Prog_175 3.056164 22.162337 20.314816 160.835361
Prog_174 0.0 33.345374 0.0 252.643154
Prog_177 5.336053 31.634377 38.597859 230.407456
Prog_176 5.599672 33.590868 39.637427 265.725669
Prog_171 5.773912 32.970008 42.363834 250.283062
Prog_170 0.0 52.976363 0.0 408.6608
Prog_173 6.170603 37.425919 40.974215 277.169784
Prog_172 9.182214 50.585322 61.504089 391.201982
Prog_99 6.826806 41.93748 46.326284 321.202099
Prog_98 0.0 23.662639 0.0 183.272217
Prog_96 0.0 29.889399 0.0 235.271847
Prog_95 0.0 31.439293 0.0 239.736476
Prog_94 0.0 30.323186 0.0 241.823683
Prog_93 0.0 36.336482 0.0 271.716073
Prog_92 0.0 15.817933 0.0 115.374132
Prog_91 6.907481 33.166287 51.515108 271.756355
Prog_90 0.0 36.221462 0.0 283.001928
Prog_31 0.0 50.314148 0.0 379.708518
Prog_210 0.0 50.673101 0.0 401.306304
Prog_33 0.0 49.828513 0.0 374.161494
Prog_35 7.184904 41.329592 48.352363 324.615202
Prog_34 0.0 44.209379 0.0 305.428813
Prog_37 9.909878 42.40953 65.31051 319.004137
Prog_36 5.479884 42.021766 35.767788 319.676796
Prog_39 0.0 38.18518 0.0 272.654992
Prog_38 0.0 44.252681 0.0 342.871244
Prog_212 0.0 29.786596 0.0 230.033378
Prog_213 0.0 42.017678 0.0 327.504159
Prog_214 0.0 49.577485 0.0 366.518834
Prog_215 3.038606 21.168607 19.322263 151.650942
Prog_180 0.0 61.509644 0.0 479.289711
Prog_181 0.0 51.258697 0.0 372.368482
Prog_182 8.305987 41.539194 50.382907 311.275684
Prog_183 4.155269 29.519805 26.878232 204.018837
Prog_184 8.399921 42.995907 55.345006 309.496059
Prog_185 10.70158 53.637448 71.685932 395.919092
Prog_186 4.46751 23.476475 31.976208 186.899497
Prog_187 4.496792 39.221435 29.777652 295.706477
Prog_188 5.225372 29.194322 37.236182 236.855814
Prog_189 0.0 31.90074 0.0 251.909618
Prog_108 8.154524 43.743384 51.750884 336.537359
Prog_109 5.64392 40.320943 38.94708 303.172723
Prog_88 4.210491 28.383201 28.82037 200.000636
Prog_89 4.2025 25.684661 27.43636 202.278088
Prog_100 0.0 28.332294 0.0 211.594831
Prog_85 8.660655 40.530293 59.911117 319.675417
Prog_86 0.0 35.506702 0.0 254.35949
Prog_87 5.503033 37.131549 34.543091 273.252074
Prog_104 5.25595 35.255408 37.988956 271.7006
Prog_105 6.460073 33.338425 41.091873 248.642007
Prog_106 5.780562 27.379596 37.722602 194.886168
Prog_107 5.06651 31.654362 33.031898 243.404212
Prog_28 5.630049 31.426789 41.438543 242.786459
Prog_29 8.217493 34.204907 54.071842 266.308695
Prog_26 15.89076 54.234928 112.347056 425.128233
Prog_27 0.0 48.076604 0.0 361.662578
Prog_24 0.0 49.276308 0.0 388.253144
Prog_25 5.382609 34.925747 36.629949 263.108887
Prog_22 7.782862 48.615881 51.899753 375.043114
Prog_23 0.0 46.123158 0.0 360.973115
Prog_20 1.974691 46.537607 10.43496 372.766839
Prog_21 4.906056 31.220236 36.35141 251.920806
Prog_193 7.86528 44.314544 49.958043 345.361947
Prog_192 0.0 30.70217 0.0 236.435991
Prog_191 0.0 40.554231 0.0 320.354007
Prog_190 0.0 39.76508 0.0 318.161747
Prog_197 6.532331 33.957037 52.231238 276.907256
Prog_196 4.93471 35.830817 30.038635 260.62861
Prog_195 0.0 66.443448 0.0 495.573295
Prog_194 0.0 48.068816 0.0 346.067126
Prog_199 8.467742 42.766952 57.101197 341.660002
Prog_198 0.0 41.571943 0.0 325.41299
Prog_77 3.598374 21.525708 23.796713 156.046687
Prog_119 7.003708 45.561485 49.40788 341.574297
Prog_118 0.0 51.568021 0.0 390.613692
Prog_113 0.0 35.648044 0.0 280.545923
Prog_71 4.107298 33.820885 28.052203 268.980947
Prog_111 0.0 36.230638 0.0 273.527616
Prog_110 0.0 34.638707 0.0 252.973348
Prog_117 10.658134 43.709793 67.370309 313.960223
Prog_116 2.133926 12.284162 16.760786 97.416569
Prog_115 3.816063 26.135154 24.974014 188.198068
Prog_152 0.0 55.204841 0.0 416.073399
Prog_59 2.967507 21.802004 19.868621 169.947853
Prog_58 0.0 37.274535 0.0 293.514993
Prog_73 6.494782 37.663253 46.264246 283.451108
Prog_53 5.93051 34.667034 42.695426 270.129636
Prog_52 10.055619 41.031407 67.559241 315.837138
Prog_51 0.0 32.182512 0.0 248.209464
Prog_50 6.132086 32.53245 40.831636 248.56814
Prog_55 0.0 28.850043 0.0 223.925294
Prog_54 7.564599 39.402206 48.391079 298.37438
Prog_112 6.069517 24.426588 41.78876 180.274969
Prog_203 0.0 31.095325 0.0 242.763144
Prog_202 0.0 48.212173 0.0 379.173789
Prog_201 6.21575 42.774492 43.527242 310.071603
Prog_200 0.0 38.605768 0.0 286.82451
Prog_207 0.0 37.297033 0.0 279.504974
Prog_206 0.0 46.479817 0.0 345.338372
Prog_205 0.0 31.895515 0.0 236.185251
Prog_204 0.0 40.842601 0.0 311.799913
Prog_209 0.0 38.24854 0.0 299.030512
Prog_208 0.0 41.816259 0.0 323.000377
Prog_211 5.901914 35.168276 41.123137 272.236992
Prog_128 6.871003 39.785385 49.98206 312.34647
Prog_129 0.0 54.162806 0.0 410.498877
Prog_127 0.0 41.411565 0.0 311.977159
Prog_124 7.456532 29.915604 57.3922 240.199854
Prog_125 0.0 50.893246 0.0 395.715752
Prog_122 0.0 56.405053 0.0 434.356439
Prog_123 0.0 59.960328 0.0 447.923593
Prog_120 6.767559 32.664114 49.378433 263.471706
Prog_121 0.0 51.92249 0.0 403.610561
Prog_48 0.0 39.980941 0.0 284.398882
Prog_49 0.0 48.047252 0.0 368.762414
Prog_40 0.0 52.193996 0.0 405.053496
Prog_41 0.0 43.82467 0.0 334.209117
Prog_42 0.0 40.264268 0.0 317.472232
Prog_43 5.811161 32.661991 42.340747 247.959718
Prog_44 0.0 47.414508 0.0 367.473048
Prog_45 0.0 39.332035 0.0 278.702799
Prog_46 0.0 44.667755 0.0 331.917976
Prog_47 8.225513 33.526674 58.298042 271.523281
Prog_150 6.805433 41.41704 44.667571 317.600076
Prog_131 7.237649 43.647749 53.950346 334.687119
Prog_130 9.908257 57.755835 65.930141 465.172883
Prog_133 0.0 46.550673 0.0 358.95038
Prog_132 0.0 51.957232 0.0 390.873298
Prog_135 6.86376 40.922197 46.199115 304.061242
Prog_134 7.384639 34.614555 50.927111 265.393263
Prog_137 0.0 52.880657 0.0 416.754652
Prog_136 0.0 45.117577 0.0 329.310333
Prog_139 8.363686 49.244114 54.52105 388.403594
Prog_84 0.0 37.893862 0.0 266.640516
Prog_101 0.0 47.153958 0.0 353.845915
Prog_102 0.0 38.905791 0.0 291.935891
Prog_103 2.664431 20.110227 18.701693 146.425346
Prog_80 0.0 36.649966 0.0 280.197882
Prog_81 0.0 40.993567 0.0 289.128192
Prog_144 0.0 49.539082 0.0 392.814655
Prog_145 10.877344 47.513282 74.882665 346.77487
Prog_146 0.0 52.070914 0.0 404.075179
Prog_147 8.296725 45.872347 57.627754 351.252723
Prog_140 9.849492 46.674058 67.468144 356.882486
Prog_141 0.0 52.821251 0.0 408.236068
Prog_142 0.0 35.674471 0.0 276.775535
Prog_83 0.0 0.0 0.0 0.0
Prog_148 5.088126 39.335684 31.793939 274.88945
