Prog_157 0.628467 46.931271 1.827183 380.308614
Prog_156 0.0 42.624856 0.0 349.493539
Prog_155 4.893112 32.652882 32.576413 273.994684
Prog_76 8.538296 48.345787 56.820657 391.099431
Prog_153 0.853945 62.447356 2.442285 520.759707
Prog_70 0.924817 47.67359 3.987595 392.876897
Prog_151 4.091662 35.572905 24.470488 300.389979
Prog_72 6.412958 34.568358 42.448676 287.635126
Prog_79 1.065842 62.387692 3.831655 552.3725
Prog_78 7.742455 45.999566 51.390477 383.956903
Prog_159 0.701323 56.800301 2.261924 468.033598
Prog_158 0.0 55.822212 0.0 464.501715
Prog_17 9.255042 51.501523 62.361366 445.023852
Prog_18 1.084316 53.285559 3.908412 449.393721
Prog_114 9.109975 50.97213 57.618422 416.405218
Prog_168 7.084055 51.006046 47.921654 466.498244
Prog_162 7.511409 47.505691 50.56434 408.718203
Prog_163 8.143375 47.282265 50.852156 385.93309
Prog_160 6.176506 47.339174 39.860057 403.334196
Prog_161 0.0 62.070131 0.0 525.174483
Prog_166 7.162761 50.848715 42.326795 421.859457
Prog_167 0.623217 63.03454 1.82244 520.296208
Prog_164 7.839033 56.837231 49.810294 497.051694
Prog_165 0.0 43.41388 0.0 357.846774
Prog_63 5.143499 37.654767 33.324473 317.245736
Prog_61 7.195612 48.157855 47.111235 406.562088
Prog_66 0.84295 44.572656 2.889741 366.628387
Prog_67 0.773801 50.116743 3.25577 427.452774
Prog_64 8.866958 38.143066 59.865198 319.402825
Prog_65 5.858888 37.958719 34.002743 320.58361
Prog_69 7.920026 56.069403 52.136834 467.375846
Prog_30 4.089592 35.263677 30.352952 317.571482
Prog_175 0.0 63.492858 0.0 555.639696
Prog_174 0.178813 51.239389 1.575314 420.822762
Prog_177 0.0 33.947828 0.0 295.320707
Prog_176 0.081696 27.31015 0.719844 233.894706
Prog_171 6.453392 40.950276 44.597794 359.318285
Prog_170 5.77373 45.503819 36.504583 392.463092
Prog_173 0.286033 43.042306 2.520058 371.771733
Prog_172 0.064558 36.85948 0.569358 338.330153
Prog_99 5.227261 34.375098 31.754929 280.341334
Prog_98 0.014803 13.980853 0.130857 129.538857
Prog_96 4.961412 33.707753 33.951887 289.023326
Prog_95 0.076467 43.401608 0.674029 364.753694
Prog_94 0.120217 34.386108 1.059154 280.24887
Prog_93 5.019587 33.014907 31.948966 283.026152
Prog_92 0.246668 51.90079 2.17347 463.610495
Prog_91 0.708313 37.557333 2.688459 328.756065
Prog_90 0.32576 44.74988 2.8714 391.148038
Prog_31 1.462185 67.497544 5.439467 585.705423
Prog_210 6.550182 48.019646 37.951778 398.96182
Prog_33 0.0 63.397117 0.0 534.246731
Prog_35 9.913573 55.272591 67.303145 460.797931
Prog_34 7.384304 46.450646 48.999756 413.462823
Prog_37 9.524867 57.978707 58.141391 507.047797
Prog_36 1.147721 46.414921 5.757332 386.435029
Prog_39 1.904101 69.449691 7.757658 597.782858
Prog_38 0.28466 66.779796 2.509168 547.995584
Prog_212 7.029431 45.178462 46.376619 394.509715
Prog_213 5.002598 32.435855 32.390443 276.244933
Prog_214 10.929503 48.098829 73.790043 393.830958
Prog_215 6.863659 42.048864 44.468522 346.364713
Prog_180 9.230512 55.215344 54.789611 498.542209
Prog_181 7.149717 38.742034 47.110608 319.032899
Prog_182 0.700299 53.794456 2.260771 468.642462
Prog_183 0.0 52.233047 0.0 434.009309
Prog_184 0.459251 58.178223 4.050287 517.020337
Prog_185 8.687928 49.373662 53.090375 414.268075
Prog_186 0.756767 49.509714 2.346559 432.076408
Prog_187 0.536892 44.231499 1.407683 356.922868
Prog_188 0.733287 50.637271 2.256439 440.629948
Prog_189 9.68324 48.212242 62.208492 394.421505
Prog_108 0.481091 47.410988 1.266538 396.36942
Prog_109 0.0 33.933873 0.0 285.062976
Prog_88 8.386043 43.324852 52.17227 356.385097
Prog_89 8.294156 42.770459 50.438502 363.355239
Prog_100 0.511686 36.84092 1.530692 302.661921
Prog_85 6.767179 40.436668 43.561192 327.411099
Prog_86 10.237392 59.56671 63.760687 490.26923
Prog_87 0.871937 42.559527 2.713787 362.213984
Prog_104 9.159318 45.745698 58.169112 387.708555
Prog_105 0.21291 50.184695 1.875823 414.269066
Prog_106 1.093961 50.659206 3.374539 423.984721
Prog_107 0.695297 43.628283 2.172735 355.910932
Prog_28 8.806673 51.862907 51.717596 429.978939
Prog_29 0.0 48.275237 0.0 428.43526
Prog_26 1.108888 58.443382 3.788544 486.182373
Prog_27 6.806517 36.822688 43.023108 292.803348
Prog_24 9.661433 50.417158 63.97125 426.344811
Prog_25 9.046826 52.620717 66.313831 468.238404
Prog_22 9.889402 52.086026 64.835534 452.170476
Prog_23 8.788776 50.007546 56.856902 425.721912
Prog_20 1.886455 64.502639 7.948565 561.396939
Prog_21 7.986655 49.550881 53.148873 407.965603
Prog_193 8.744884 50.222886 61.189638 428.018492
Prog_192 5.24758 37.973014 31.192942 311.454701
Prog_191 6.887877 38.310523 44.447781 313.127103
Prog_190 7.811666 45.516135 50.454513 401.240478
Prog_197 0.0 65.997967 0.0 553.607893
Prog_196 6.412657 45.744046 41.787069 391.240802
Prog_195 0.052497 53.257483 0.462743 450.347763
Prog_194 1.539777 64.881046 7.420831 516.4615
Prog_199 0.673307 52.79647 2.011477 436.105397
Prog_198 7.554025 54.804142 49.620447 457.582779
Prog_77 1.146897 54.020528 3.94752 483.019274
Prog_119 0.0 68.900425 0.0 583.597654
Prog_118 10.165552 60.650659 64.412715 525.875412
Prog_113 4.990114 32.289648 31.319731 265.663459
Prog_71 1.457354 52.391607 6.36202 447.251868
Prog_111 5.63492 31.432455 37.675409 286.18952
Prog_110 0.549582 42.340958 1.487844 371.852563
Prog_117 0.620051 45.621441 2.11028 380.843781
Prog_116 0.381057 40.601869 1.151751 346.253322
Prog_115 4.906479 33.278905 32.341123 269.643037
Prog_152 7.269411 46.60004 48.52911 371.472966
Prog_59 1.437598 61.604924 6.431667 540.531098
Prog_58 1.069297 52.703267 3.519329 437.936905
Prog_73 11.736976 53.934183 77.161316 473.412745
Prog_53 7.438833 46.248888 46.271319 409.117019
Prog_52 9.12199 43.738043 59.66492 379.746648
Prog_51 9.332419 51.568355 64.200541 441.588491
Prog_50 0.838413 40.496276 3.545099 353.741495
Prog_55 0.715022 43.833038 2.869046 388.498956
Prog_54 1.582398 50.215387 7.832481 408.377689
Prog_112 0.250069 46.184179 2.203343 387.204359
Prog_203 10.157137 51.479795 67.961051 414.639076
Prog_202 1.45837 62.49296 6.358747 501.670296
Prog_201 7.906347 49.548197 51.320034 407.262018
Prog_200 1.397678 50.564784 6.862923 390.80101
Prog_207 8.370485 48.227142 51.87162 411.190832
Prog_206 7.323188 43.425533 47.730286 373.21247
Prog_205 8.351715 44.242398 55.750419 360.801125
Prog_204 0.829768 53.383994 2.710394 443.723243
Prog_209 7.698711 45.422834 50.142905 397.97725
Prog_208 0.127724 54.101325 1.126527 448.603959
Prog_211 7.525034 42.113855 47.109152 368.086437
Prog_128 0.0 60.233875 0.0 509.983931
Prog_129 6.54845 44.810402 39.955542 392.272484
Prog_127 8.921999 49.054759 56.701144 434.602719
Prog_124 8.494902 45.256501 60.042499 384.920511
Prog_125 0.187429 64.613215 1.65108 563.847977
Prog_122 0.108235 60.467168 0.95386 562.726075
Prog_123 7.940039 47.587772 49.318256 409.067343
Prog_120 0.614691 68.942659 5.414997 578.271286
Prog_121 10.31322 60.132688 62.521062 504.219953
Prog_48 0.0 59.898346 0.0 495.296312
Prog_49 0.890915 56.323274 2.284402 475.850397
Prog_40 1.065237 52.389029 3.948157 467.76977
Prog_41 1.529445 61.840073 6.728661 528.101545
Prog_42 1.258077 43.984848 5.204127 370.569859
Prog_43 0.748324 52.420832 2.285958 465.00033
Prog_44 0.58426 48.588495 2.309814 424.745818
Prog_45 7.852722 50.520262 53.967355 454.286976
Prog_46 9.394396 53.837541 60.531897 439.514183
Prog_47 2.289509 72.008898 8.970377 600.481893
Prog_150 0.324319 62.832816 2.85704 524.13464
Prog_131 0.292864 63.660708 2.57993 564.49544
Prog_130 3.439245 22.997546 23.713888 215.042081
Prog_133 6.272076 45.258367 37.878375 380.755343
Prog_132 11.881356 63.18407 83.456386 565.200788
Prog_135 0.215623 61.586574 1.902369 538.247735
Prog_134 8.21772 46.966785 51.67521 386.791699
Prog_137 5.062016 35.619139 33.481831 298.485599
Prog_136 12.207334 69.326796 83.12157 597.372044
Prog_139 10.604467 54.891341 69.70876 443.937629
Prog_84 6.370651 35.867478 41.605859 324.190183
Prog_101 0.126919 49.01393 1.118209 412.445083
Prog_102 8.944141 41.051075 51.70126 326.470363
Prog_103 6.009516 39.212378 38.988887 323.337654
Prog_80 0.945603 53.679368 2.821606 477.655072
Prog_81 6.444288 37.772367 41.14196 312.270695
Prog_144 0.030355 71.782207 0.267714 632.82728
Prog_145 0.189267 60.354281 1.667271 522.346247
Prog_146 7.408239 47.190622 44.425796 404.487343
Prog_147 6.375249 45.597087 37.588533 387.161136
Prog_140 7.441796 47.829636 49.580902 417.071469
Prog_141 0.549647 50.042466 1.741765 438.494584
Prog_142 0.0 60.251908 0.0 531.288334
Prog_83 3.631737 50.261043 23.68105 423.278354
Prog_148 9.235953 54.249366 64.917786 452.849846
