IACSP95-3018 11.498441 0.972036 75.947093 6.366016
IACSP95-3018 21.092137 2.648341 136.130493 18.364494
IACSP95-3018 11.187764 1.440532 86.797802 10.490109
IACSP95-3018 6.906135 0.714018 44.42172 4.646407
IACSP95-3018 11.878591 0.958021 79.67056 7.37504
IACSP95-3018 9.222328 1.152909 64.495587 9.104153
IACSP95-3018 10.01899 1.042202 65.030993 6.709789
IACSP95-3018 9.894667 0.913206 64.732476 6.59415
IACSP95-3018 22.766164 3.098526 142.072513 20.68129
IACSP95-3018 6.32398 0.891986 42.668315 6.023264
IACSP95-3018 6.766713 0.617985 45.868071 4.114282
IACSP95-3018 8.85223 1.375954 54.324228 10.201345
IACSP93-3046 11.285908 1.251096 72.541046 10.543735
IACSP93-3046 12.038163 1.720749 71.937989 11.529907
IACSP93-3046 17.493844 1.781384 104.895466 11.163694
IACSP93-3046 15.389436 1.754035 103.039899 12.867812
IACSP93-3046 12.71528 1.656473 77.974998 10.620588
IACSP93-3046 0.0 0.0 0.0 0.0
IACSP93-3046 15.993187 1.909346 104.52363 12.02927
IACSP93-3046 14.547439 1.833895 97.505333 13.13348
IACSP93-3046 21.141206 2.771174 136.468354 18.921856
IACSP93-3046 11.291991 1.242891 66.45178 7.585705
IACSP93-3046 0.0 0.0 0.0 0.0
IACSP93-3046 15.240814 2.284631 93.511833 13.823027
