Prog_157 16.258695 2.077234 131.09903 14.74206
Prog_156 20.599251 2.170526 167.256667 19.706799
Prog_155 12.479167 1.309883 98.615711 10.220152
Prog_76 17.076864 4.37233 129.946634 33.707101
Prog_153 17.123507 1.944121 142.374309 15.437068
Prog_70 18.183121 2.000884 145.891641 16.632421
Prog_151 19.835824 2.036072 159.757313 18.75413
Prog_72 0.788402 0.0 4.504214 0.0
Prog_79 17.476187 2.03693 140.168937 15.710148
Prog_78 21.252229 3.138731 174.381828 25.809217
Prog_159 15.245546 1.987302 127.438865 16.303518
Prog_158 13.243856 3.398097 99.456837 26.46891
Prog_17 21.457962 1.572649 167.00529 14.608128
Prog_18 17.837038 1.347915 149.419859 10.755856
Prog_114 13.679038 3.323935 117.770639 27.747313
Prog_168 17.512743 1.75363 144.739128 14.191696
Prog_162 10.442123 0.0 91.24984 0.0
Prog_163 15.69422 2.333081 119.277156 16.424177
Prog_160 19.774186 5.802454 161.548643 47.724489
Prog_161 18.086963 3.595488 132.726592 30.077437
Prog_166 21.546592 2.122278 169.335006 17.024985
Prog_167 16.544783 0.0 137.981271 0.0
Prog_164 16.964943 1.68593 141.241424 15.878181
Prog_165 20.544242 1.760676 162.116179 13.762272
Prog_63 13.919844 1.885655 113.467827 13.348154
Prog_61 6.656787 0.749284 59.563473 5.975105
Prog_66 17.906067 5.128932 141.349575 42.680179
Prog_67 6.820362 1.020396 62.942567 9.365703
Prog_64 17.253532 2.591651 142.866445 21.982607
Prog_65 15.505714 1.946981 129.10146 15.708248
Prog_69 14.781724 1.889933 123.340731 16.687776
Prog_30 20.953301 2.247168 175.528313 21.23501
Prog_175 19.424514 0.019243 159.822775 0.204102
Prog_174 18.650236 2.109843 146.322591 15.707121
Prog_177 19.723518 2.35434 166.344829 19.249664
Prog_176 15.250802 1.566139 120.595299 12.543241
Prog_171 16.966924 0.0 134.450715 0.0
Prog_170 14.010096 2.868535 115.609392 20.83789
Prog_173 16.173239 1.731705 134.221271 14.560183
Prog_172 14.261156 1.04267 112.222332 8.102506
Prog_99 18.74826 0.0 149.183765 0.0
Prog_98 16.1488 0.0 122.375466 0.0
Prog_96 16.593665 3.522475 136.876476 32.110415
Prog_95 9.361641 1.291926 77.742771 11.199527
Prog_94 18.135537 2.415903 147.385831 17.78919
Prog_93 18.753378 2.072116 153.714007 16.872272
Prog_92 15.368329 1.775217 124.86041 14.297174
Prog_91 16.755243 1.943672 136.450583 13.578963
Prog_90 17.172642 2.120305 137.612905 18.532095
Prog_31 19.809397 0.3821 172.89905 1.841099
Prog_210 12.962646 1.261536 102.403502 9.614884
Prog_33 11.846883 0.450112 93.970524 1.803404
Prog_35 19.642698 2.032466 154.40969 15.344635
Prog_34 21.150455 2.121758 162.838941 16.330541
Prog_37 19.563834 3.697392 156.152916 29.583793
Prog_36 18.659936 1.815472 155.473051 12.616073
Prog_39 18.295848 1.882826 141.882819 13.206245
Prog_38 16.9332 1.598825 134.854578 12.724528
Prog_212 12.915015 2.452223 102.220002 20.573338
Prog_213 8.772461 0.694133 75.9979 5.628161
Prog_214 1.95673 0.0 18.25829 0.0
Prog_215 6.474843 0.0 49.983024 0.0
Prog_180 16.081544 1.792265 127.710071 13.857036
Prog_181 14.042731 1.362268 111.087971 11.821847
Prog_182 18.352203 1.438251 148.519781 9.506439
Prog_183 12.495583 1.093988 103.8573 7.817265
Prog_184 16.254482 1.421086 132.648898 10.589878
Prog_185 13.412712 2.648433 103.305722 20.036329
Prog_186 17.556732 2.618088 139.234296 19.709259
Prog_187 14.490414 0.956437 118.02923 6.747703
Prog_188 16.406637 1.036306 135.20516 7.543662
Prog_189 16.912526 1.512556 136.616892 11.462394
Prog_108 15.469428 0.0 127.826025 0.0
Prog_109 14.963391 0.0 114.228848 0.0
Prog_88 18.874742 2.483523 155.267395 18.549952
Prog_89 12.308395 1.185637 97.988802 9.65947
Prog_100 8.48729 1.427453 67.685864 12.134156
Prog_85 15.521012 0.0 123.769641 0.0
Prog_86 21.029489 2.180574 169.83691 16.225084
Prog_87 17.776772 2.037573 142.816747 16.098299
Prog_104 13.072866 0.0 103.914406 0.0
Prog_105 12.668451 2.749441 107.368739 22.634916
Prog_106 14.708566 1.522699 110.969504 12.017442
Prog_107 14.945201 1.539603 123.222827 11.073643
Prog_28 22.481311 0.0 172.090694 0.0
Prog_29 17.138658 1.552422 143.930361 12.376666
Prog_26 13.239403 2.115171 108.208437 18.261851
Prog_27 18.947848 1.494874 150.507812 14.923817
Prog_24 22.753606 2.294295 177.682011 17.840281
Prog_25 22.461428 1.807545 178.300889 16.315785
Prog_22 19.063646 1.943278 153.359061 13.595212
Prog_23 18.875982 1.644237 145.977141 10.486865
Prog_20 21.639883 1.520637 173.963734 11.685959
Prog_21 19.609875 0.0 152.773933 0.0
Prog_193 16.310386 1.240856 129.085053 9.515824
Prog_192 14.854461 1.922561 114.848292 14.764523
Prog_191 20.080465 1.926094 159.832008 14.766229
Prog_190 19.43681 4.069529 161.750138 35.926481
Prog_197 13.039231 1.205659 104.108094 8.714346
Prog_196 10.53969 2.01646 86.418197 17.152661
Prog_195 11.752991 1.005285 94.114937 7.407137
Prog_194 16.259659 2.885647 125.334508 25.883564
Prog_199 6.408715 0.028459 50.613283 0.301823
Prog_198 1.655932 0.0 11.275486 0.0
Prog_77 12.695084 3.773737 106.293128 31.838993
Prog_119 22.826767 0.0 180.297441 0.0
Prog_118 23.950611 2.320154 195.361163 19.513562
Prog_113 12.111174 2.14961 94.925541 18.780127
Prog_71 18.254233 2.756612 142.555785 21.860327
Prog_111 17.299721 0.0 134.61553 0.0
Prog_110 14.191172 3.526085 105.532433 26.057017
Prog_117 9.898018 2.060561 81.562044 18.343885
Prog_116 17.241934 1.473933 125.759663 9.893856
Prog_115 12.124273 2.505625 99.977162 19.088325
Prog_152 17.900408 1.845596 145.571579 16.988529
Prog_59 21.082882 2.050022 170.967723 17.336719
Prog_58 19.118462 2.249575 156.232841 18.55245
Prog_73 18.684209 0.0 148.704638 0.0
Prog_53 19.408819 4.438153 155.090672 33.399217
Prog_52 20.698073 3.156687 153.657552 26.177306
Prog_51 17.094994 2.754772 136.525806 23.116073
Prog_50 20.547236 1.691611 163.51726 14.724293
Prog_55 18.402872 0.0 147.015203 0.0
Prog_54 21.584975 2.435878 178.681943 20.831875
Prog_112 14.658762 1.363328 110.502222 11.262944
Prog_203 15.754385 1.003466 121.595344 6.666553
Prog_202 11.311788 0.840785 88.744399 7.189599
Prog_201 11.424065 0.906576 95.929743 5.637087
Prog_200 16.23811 2.858472 129.687647 22.455108
Prog_207 11.918907 1.076421 97.998117 8.143927
Prog_206 16.571691 1.369944 137.886862 10.289058
Prog_205 16.851209 2.702357 134.224932 20.614112
Prog_204 11.108335 1.090445 89.655268 8.426685
Prog_209 9.404969 0.756475 79.336685 6.443403
Prog_208 12.045141 0.980254 99.145645 7.277931
Prog_211 13.160445 1.222759 101.034156 8.047373
Prog_128 18.750837 4.183029 161.991389 39.139159
Prog_129 17.688899 1.849494 143.313371 16.512198
Prog_127 18.090601 2.050835 137.613279 17.676946
Prog_124 26.28175 0.041104 216.580607 0.43581
Prog_125 23.639605 2.261533 191.47974 21.098891
Prog_122 22.766972 0.0 187.821877 0.0
Prog_123 23.985396 0.442304 211.002648 2.870929
Prog_120 20.239828 2.152995 160.625321 16.229262
Prog_121 19.009326 2.408894 158.321515 18.818496
Prog_48 13.491339 0.0 108.48972 0.0
Prog_49 18.240376 1.523201 151.285311 13.101378
Prog_40 17.035865 1.744205 135.969437 13.831454
Prog_41 20.07136 2.439743 158.311332 16.759084
Prog_42 21.818287 0.0 173.313792 0.0
Prog_43 20.002747 1.808034 161.466466 12.50919
Prog_44 17.616929 2.024049 143.231877 14.207665
Prog_45 23.995652 0.0 190.256924 0.0
Prog_46 17.369465 0.0 136.963542 0.0
Prog_47 16.079044 2.949921 134.719558 24.650115
Prog_150 18.249517 0.0 148.422274 0.0
Prog_131 22.861542 0.0 183.778941 0.0
Prog_130 5.47588 1.399761 51.811887 12.472933
Prog_133 20.12548 0.004986 162.529742 0.052887
Prog_132 18.389871 2.198037 154.338184 23.51497
Prog_135 20.884111 2.464181 167.131283 16.257672
Prog_134 8.866038 1.55019 73.124151 12.250814
Prog_137 6.975197 0.693636 57.710771 3.996319
Prog_136 20.777215 0.028808 158.126245 0.305457
Prog_139 18.938805 3.533908 142.847108 27.577484
Prog_84 17.383665 0.0 139.108366 0.0
Prog_101 14.804115 3.270094 106.335073 24.607048
Prog_102 15.756526 0.0 129.83356 0.0
Prog_103 17.917093 0.0 135.323612 0.0
Prog_80 14.824632 1.278708 120.860172 10.423715
Prog_81 24.804283 2.335655 199.311164 21.293767
Prog_144 15.286055 1.77996 120.9611 14.113582
Prog_145 15.081638 2.052231 113.190013 18.597136
Prog_146 23.030044 2.58362 184.235299 23.875117
Prog_147 14.325648 0.0 119.746858 0.0
Prog_140 18.184315 1.945963 145.514828 13.126632
Prog_141 19.601274 4.028522 161.144647 30.563269
Prog_142 18.424597 0.0 137.841567 0.0
Prog_83 13.093708 0.0 107.505466 0.0
Prog_148 18.173586 1.966714 140.871665 17.184703
