IACSP95-3018 10.767166 0.904803 75.68504 6.995814
IACSP95-3018 7.039525 0.583992 48.061313 3.550315
IACSP95-3018 11.695813 1.593085 83.71002 11.390229
IACSP95-3018 13.866545 1.392533 93.041973 8.992059
IACSP95-3018 6.704745 0.59712 50.528918 4.463281
IACSP95-3018 11.181829 1.100049 73.020468 7.943052
IACSP95-3018 10.542047 1.061435 76.315524 7.975365
IACSP95-3018 5.384675 0.538798 42.180762 3.531896
IACSP95-3018 12.551508 1.306039 89.475762 9.110137
IACSP95-3018 12.259157 1.066889 85.463601 7.547462
IACSP95-3018 3.274593 0.279643 26.419823 1.405741
IACSP95-3018 10.549471 0.439339 73.028385 2.737833
IACSP93-3046 7.995068 1.568304 56.511258 11.565059
IACSP93-3046 7.858672 1.427416 53.593993 10.330199
IACSP93-3046 6.683927 1.081365 49.893492 8.778719
IACSP93-3046 18.041392 3.361169 132.965604 26.348066
IACSP93-3046 12.985008 2.348502 86.410774 17.267404
IACSP93-3046 7.836856 1.528773 54.533775 9.814769
IACSP93-3046 13.342156 2.626336 94.668947 17.746554
IACSP93-3046 12.396435 2.16859 88.498464 17.233167
IACSP93-3046 7.661389 1.299609 58.524743 10.781344
IACSP93-3046 13.090741 2.290189 93.226513 17.360517
IACSP93-3046 11.178287 2.156302 79.947314 15.94634
IACSP93-3046 10.214956 1.632538 71.124931 12.711197
