Prog_157 30.989848 0.297855 255.349293 3.30012
Prog_156 28.189772 4.631401 227.676922 45.413501
Prog_155 25.249408 0.0 205.711318 0.0
Prog_76 21.799615 3.747185 179.606144 38.822493
Prog_153 31.928498 0.299058 252.89835 3.314067
Prog_70 17.578144 2.297512 131.774394 21.279102
Prog_151 31.982606 0.449801 277.277445 4.984317
Prog_72 22.112999 0.076976 174.230695 0.85293
Prog_79 25.276172 4.097709 206.007673 40.527973
Prog_78 19.717776 2.697557 156.713665 23.729121
Prog_159 25.812789 4.069714 200.884317 38.029406
Prog_158 29.149715 0.368826 239.367075 4.086391
Prog_17 24.013819 0.27953 214.011078 3.097259
Prog_18 26.589916 0.338835 219.85724 3.754889
Prog_114 26.251819 4.130948 221.250133 37.103666
Prog_168 24.684459 4.430807 200.722348 43.331329
Prog_162 21.575383 0.0 178.35214 0.0
Prog_163 37.966812 0.486807 306.452213 5.394636
Prog_160 38.37579 0.513099 327.307502 5.685605
Prog_161 36.387035 6.49793 297.882414 59.330237
Prog_166 28.963958 0.341597 239.846806 3.784695
Prog_167 26.407776 0.522109 217.579643 5.784919
Prog_164 35.693537 5.55191 308.004372 57.979705
Prog_165 39.51437 0.573467 331.856756 6.35368
Prog_63 17.009178 0.277255 136.63326 1.485821
Prog_61 25.298316 0.0 207.060685 0.0
Prog_66 27.393382 0.161152 228.404968 1.78548
Prog_67 25.252565 2.79203 205.318481 26.344669
Prog_64 31.377001 0.189942 247.783652 0.879499
Prog_65 15.332546 0.0 128.84782 0.0
Prog_69 19.405961 0.019671 154.475554 0.217883
Prog_30 19.586135 1.763919 158.766462 17.007759
Prog_175 39.847112 0.496585 326.11552 5.502182
Prog_174 31.444594 0.521408 261.810256 5.778059
Prog_177 34.465439 4.680991 284.560617 49.534537
Prog_176 26.74857 0.296977 215.353399 3.290799
Prog_171 34.244526 0.472831 277.010894 5.239111
Prog_170 34.904006 5.656139 295.186624 57.811035
Prog_173 27.61915 0.330428 224.879584 3.660639
Prog_172 27.535548 0.314716 231.94766 3.486905
Prog_99 16.985993 2.856778 130.058664 23.084731
Prog_98 25.967577 0.163303 197.867574 1.809378
Prog_96 25.02068 0.084212 205.448456 0.932886
Prog_95 24.085127 0.099075 196.409164 1.097465
Prog_94 10.442655 1.788929 78.556825 18.48253
Prog_93 22.542747 3.881065 174.347848 38.296344
Prog_92 24.533356 0.090497 204.208799 0.412466
Prog_91 22.068178 0.334112 170.984189 1.349113
Prog_90 23.455651 3.965423 183.375273 34.944112
Prog_31 12.90784 1.034895 111.793539 12.79645
Prog_210 28.524776 0.327841 235.083833 3.632451
Prog_33 21.249419 2.329501 167.166791 22.22766
Prog_35 22.917354 2.555036 177.368776 21.529654
Prog_34 21.393412 0.157965 174.30466 1.751414
Prog_37 15.801768 0.024154 125.984596 0.267668
Prog_36 19.476439 2.387302 155.216819 21.996752
Prog_39 21.729856 2.354811 176.002805 24.126517
Prog_38 26.376769 3.195869 211.835288 31.969951
Prog_212 25.952009 3.967453 223.791371 41.606974
Prog_213 20.549458 2.982061 171.826757 28.796499
Prog_214 24.451571 0.199892 187.305603 2.214584
Prog_215 27.955318 0.179045 224.61828 1.983462
Prog_180 30.796599 5.334897 250.64118 49.704305
Prog_181 28.511501 4.14847 226.85181 41.125387
Prog_182 28.957687 0.205353 231.610793 2.275658
Prog_183 21.572217 0.302706 162.531043 1.026067
Prog_184 34.020142 0.258751 276.160714 2.866839
Prog_185 29.03774 0.0 238.890651 0.0
Prog_186 22.843829 0.066595 190.464919 0.737794
Prog_187 28.791527 4.074529 236.690919 45.392828
Prog_188 8.484072 1.240525 63.867718 13.028152
Prog_189 31.695108 0.562697 266.983401 6.234478
Prog_108 26.658112 4.467112 216.195535 45.255551
Prog_109 26.603669 0.348284 222.761798 3.858571
Prog_88 28.318078 0.197166 230.045845 2.18416
Prog_89 18.738058 0.719993 138.281466 7.820697
Prog_100 24.655313 3.722559 196.422597 32.030719
Prog_85 18.977029 0.211853 153.111921 2.34667
Prog_86 19.017469 3.440183 150.468106 30.150569
Prog_87 22.738557 0.174833 190.940992 1.173076
Prog_104 28.99086 0.134696 239.333211 1.491974
Prog_105 22.884221 3.797954 193.350807 41.216352
Prog_106 22.559517 3.72772 185.768083 37.184786
Prog_107 25.955512 4.64561 216.54171 41.754513
Prog_28 30.644516 0.224948 253.814125 2.492521
Prog_29 31.03401 0.292377 255.536694 3.240037
Prog_26 21.77478 0.020994 167.53101 0.232565
Prog_27 23.596537 2.53989 200.127188 25.486407
Prog_24 9.114244 1.217589 83.204705 12.986408
Prog_25 26.924825 2.855709 241.405381 35.284506
Prog_22 24.807685 3.38373 212.952504 36.416166
Prog_23 18.105378 2.048051 151.752727 17.911571
Prog_20 22.346493 0.000742 187.04234 0.008216
Prog_21 28.016888 0.375075 248.800453 4.156277
Prog_193 25.945823 4.366636 216.848787 42.537298
Prog_192 1.328763 3.41512 7.504892 29.649605
Prog_191 28.946147 5.008783 241.852833 48.106639
Prog_190 22.596103 4.207385 196.445204 39.913588
Prog_197 25.393446 4.321663 210.096388 41.325871
Prog_196 26.378024 4.592812 208.711669 40.156452
Prog_195 34.39099 0.43168 280.870423 2.944085
Prog_194 21.422015 0.0 176.581253 0.0
Prog_199 23.14741 2.920307 185.300352 31.094987
Prog_198 23.500409 3.306738 190.560284 29.761907
Prog_77 26.334679 0.250874 218.932159 2.780118
Prog_119 36.198288 0.731209 290.534657 8.103028
Prog_118 28.709158 5.203874 237.70163 53.510366
Prog_113 16.820432 2.345725 138.436593 21.776983
Prog_71 17.756956 0.125523 131.056111 1.391005
Prog_111 27.682168 0.24184 226.391904 2.679741
Prog_110 16.446871 2.674217 131.193441 26.177909
Prog_117 24.750219 0.197518 202.103723 2.187879
Prog_116 21.933096 3.083392 183.064745 29.957008
Prog_115 25.165055 3.957185 218.385458 41.040231
Prog_152 33.94034 0.362823 290.656567 4.0203
Prog_59 24.420658 3.390232 204.05971 31.181354
Prog_58 23.120087 3.020006 193.211741 29.53203
Prog_73 22.303458 0.126697 182.6633 1.403829
Prog_53 9.41774 1.176044 70.60177 10.022766
Prog_52 18.631738 0.037557 147.076504 0.416091
Prog_51 24.093873 0.031772 191.302789 0.35202
Prog_50 25.365549 2.59039 199.595398 22.4757
Prog_55 30.784274 3.84439 249.290368 40.344608
Prog_54 23.472155 2.341411 195.695649 23.62794
Prog_112 32.993035 0.182334 256.701353 2.020149
Prog_203 23.27098 3.308641 184.033327 31.554893
Prog_202 22.365279 3.288288 188.677437 33.552815
Prog_201 23.930574 2.758819 195.439562 26.384099
Prog_200 28.565917 3.610944 241.598608 30.653211
Prog_207 27.454018 0.368452 226.816985 4.082215
Prog_206 26.575813 0.106612 229.25254 1.181022
Prog_205 26.789076 0.180513 227.631331 1.999876
Prog_204 22.143659 3.600527 186.661543 33.412002
Prog_209 26.632657 0.425579 215.313208 4.715202
Prog_208 24.407325 3.47551 200.328785 34.387873
Prog_211 25.780336 4.202329 215.428875 41.625325
Prog_128 42.081164 0.601785 350.692846 6.668435
Prog_129 36.510793 5.3128 304.877855 61.51117
Prog_127 35.607414 0.42568 310.95155 4.716322
Prog_124 30.944158 4.763283 251.999453 46.752017
Prog_125 31.606794 0.508419 272.58163 5.632639
Prog_122 39.488666 6.792895 339.293665 71.362543
Prog_123 38.544765 0.540936 319.038323 5.993802
Prog_120 19.464369 3.291089 155.181917 31.77244
Prog_121 36.524335 0.785884 299.978845 8.707012
Prog_48 30.91037 0.162864 232.171128 1.804598
Prog_49 27.440089 0.267783 228.943317 2.967541
Prog_40 33.439627 0.259735 268.45768 2.877738
Prog_41 9.317068 1.535077 89.263165 17.560988
Prog_42 29.61527 0.326375 237.660981 2.802583
Prog_43 24.317962 0.046209 198.346701 0.511876
Prog_44 19.262428 0.061749 167.565111 0.684213
Prog_45 19.345215 0.065802 153.309922 0.72911
Prog_46 27.410164 0.22803 225.471927 2.526953
Prog_47 28.859175 3.085148 242.176732 29.680999
Prog_150 23.151059 0.186956 192.134666 1.43349
Prog_131 32.443537 5.422677 270.607249 53.629033
Prog_130 31.37932 5.400808 267.585518 59.293032
Prog_133 31.988904 0.360388 261.909146 3.994069
Prog_132 32.683789 0.569824 271.533506 6.315298
Prog_135 29.750221 4.851225 240.455696 51.525178
Prog_134 28.755286 3.633253 249.140472 37.344314
Prog_137 24.746281 0.0 201.75763 0.0
Prog_136 32.01487 4.446979 256.316179 45.816632
Prog_139 29.874347 5.364327 254.615923 55.265342
Prog_84 27.907374 0.375801 225.140882 4.164817
Prog_101 26.959998 0.258492 230.960695 2.864599
Prog_102 21.263458 3.338726 170.332242 31.124049
Prog_103 24.803033 0.247422 202.687045 2.740274
Prog_80 24.469299 0.162318 196.524452 1.798384
Prog_81 24.372238 0.0 193.649712 0.0
Prog_144 27.162857 5.226036 224.87003 51.345978
Prog_145 38.636729 0.439273 311.072392 4.867148
Prog_146 32.617564 5.502258 264.871578 46.117433
Prog_147 32.106284 5.856927 257.648849 52.010109
Prog_140 32.427367 0.475134 250.696205 5.263922
Prog_141 28.040783 4.400063 230.31532 42.804497
Prog_142 13.722051 2.242643 104.981133 24.779198
Prog_83 1.456852 0.0 16.882738 0.0
Prog_148 33.266133 0.331237 284.000669 3.670829
