Prog_157 5.656306 41.297263 39.514879 346.22324
Prog_156 9.192538 60.088564 58.877686 505.102732
Prog_155 0.0 52.557044 0.0 448.116291
Prog_76 10.468198 73.490882 69.805133 587.682176
Prog_153 10.014823 65.192094 70.047522 549.19431
Prog_70 0.0 66.836146 0.0 527.500999
Prog_151 14.019667 78.26389 87.853412 633.110166
Prog_72 0.0 79.093848 0.0 637.395166
Prog_79 8.298334 48.110971 55.2039 394.46536
Prog_78 0.48091 86.955868 4.447846 730.256925
Prog_159 8.680734 60.807906 59.563418 530.475637
Prog_158 0.0 85.859196 0.0 714.037657
Prog_17 16.738499 103.783512 111.340969 868.570793
Prog_18 14.063159 78.093479 90.617468 676.253948
Prog_114 0.172504 86.318192 1.596848 735.077219
Prog_168 0.0 72.940512 0.0 597.518153
Prog_162 7.427068 49.487803 50.447189 407.519996
Prog_163 0.0 96.9866 0.0 811.349296
Prog_160 9.837243 71.748491 64.812919 598.844138
Prog_161 0.0 75.679244 0.0 615.764021
Prog_166 16.207246 94.519306 107.555816 783.723726
Prog_167 0.0 113.68677 0.0 986.218259
Prog_164 15.303902 89.869609 100.007931 714.062769
Prog_165 13.831516 96.937408 101.317424 839.509742
Prog_63 0.213938 98.258419 1.979884 814.979514
Prog_61 0.0 76.463681 0.0 693.101165
Prog_66 0.02703 96.703637 0.250128 825.316393
Prog_67 0.004061 97.815126 0.037587 840.611012
Prog_64 6.083797 48.647527 40.473171 398.211673
Prog_65 7.272864 53.066693 42.705525 400.443392
Prog_69 0.088346 71.057915 0.817686 581.122825
Prog_30 10.421661 68.608357 69.514057 581.53963
Prog_175 0.0 55.040225 0.0 456.169066
Prog_174 11.609451 77.533289 80.475304 658.586844
Prog_177 10.426358 66.942945 64.14961 572.929528
Prog_176 0.0 94.461529 0.0 821.900853
Prog_171 0.799861 85.890232 7.403506 706.762057
Prog_170 0.380867 81.068496 3.525061 707.382483
Prog_173 0.0 39.891534 0.0 301.270043
Prog_172 0.0 111.597441 0.0 934.964667
Prog_99 0.0 77.706866 0.0 705.522004
Prog_98 0.0 70.377695 0.0 571.511669
Prog_96 12.170469 79.168035 86.227295 688.049767
Prog_95 11.503946 80.18307 69.400057 631.035714
Prog_94 11.507611 76.489432 76.519485 637.445563
Prog_93 9.942171 63.27389 63.880903 544.141616
Prog_92 10.862291 64.854882 73.64693 547.712678
Prog_91 0.0 67.265502 0.0 560.279571
Prog_90 0.0 55.818462 0.0 432.739719
Prog_31 1.284891 91.648825 4.727012 730.740036
Prog_210 12.645737 75.920718 84.596669 590.577945
Prog_33 14.883347 104.798202 99.470433 908.604907
Prog_35 0.1326 60.373253 1.227057 490.996159
Prog_34 15.674821 94.086508 113.751107 789.141669
Prog_37 17.245146 95.318768 126.050009 815.011745
Prog_36 16.184423 81.44926 120.593931 693.610526
Prog_39 0.0 78.803829 0.0 631.995954
Prog_38 0.0 83.688076 0.0 711.632481
Prog_212 0.0 98.957673 0.0 827.018684
Prog_213 9.06728 56.97783 59.528064 478.433309
Prog_214 0.183548 73.341041 1.69892 619.649181
Prog_215 13.524574 79.660491 90.055713 666.826024
Prog_180 15.35709 91.886828 106.980289 753.137528
Prog_181 7.207242 46.062406 48.787255 395.818038
Prog_182 0.0 86.866399 0.0 761.139318
Prog_183 12.433555 88.390943 81.399983 734.065357
Prog_184 0.239712 92.181557 2.218404 775.616974
Prog_185 16.039876 98.758134 107.112586 765.165137
Prog_186 0.0 86.537714 0.0 723.133401
Prog_187 0.0 87.562575 0.0 741.742581
Prog_188 15.899979 69.442563 109.006857 583.155837
Prog_189 13.835991 80.644335 89.403874 632.561568
Prog_108 11.912005 65.555974 75.369604 534.493495
Prog_109 9.532903 61.357369 61.147718 522.432384
Prog_88 0.0 67.979373 0.0 570.589224
Prog_89 0.064343 60.640999 0.595015 506.737245
Prog_100 0.586493 64.795292 5.428852 552.731889
Prog_85 9.713194 59.518405 59.267064 466.081583
Prog_86 0.0 48.923479 0.0 423.548728
Prog_87 8.177432 58.006806 51.663346 498.775203
Prog_104 10.896959 75.868333 75.388485 636.622528
Prog_105 0.0 76.892788 0.0 626.097489
Prog_106 0.0 74.155099 0.0 647.018531
Prog_107 11.15187 67.13544 74.652507 551.928386
Prog_28 0.0 105.427578 0.0 881.143983
Prog_29 12.624512 80.552175 88.814595 684.854796
Prog_26 14.259529 71.638002 103.87988 606.89408
Prog_27 11.77998 67.40988 85.747718 555.588065
Prog_24 16.675704 89.342355 114.30036 729.447291
Prog_25 14.274495 79.079243 93.488893 641.074283
Prog_22 13.145037 81.326181 94.372616 695.099591
Prog_23 14.258555 93.508669 102.907881 755.580127
Prog_20 12.814061 86.41504 84.872335 739.192792
Prog_21 14.235213 84.865009 94.475617 707.948069
Prog_193 0.0 77.830762 0.0 656.564689
Prog_192 11.406115 78.318324 73.840016 647.145352
Prog_191 0.0 62.633544 0.0 530.72333
Prog_190 11.813436 72.835514 78.903546 609.414119
Prog_197 0.0 55.605721 0.0 448.096604
Prog_196 0.0 76.75278 0.0 635.39593
Prog_195 13.014218 78.64128 89.14749 686.671892
Prog_194 0.12477 79.825741 1.154751 677.518385
Prog_199 0.0 77.602605 0.0 666.541578
Prog_198 10.555601 66.423451 67.010957 586.23393
Prog_77 0.0 73.347877 0.0 634.162729
Prog_119 0.0 109.685753 0.0 889.597784
Prog_118 0.147789 85.318031 1.367614 679.367791
Prog_113 11.536861 65.892806 77.798283 538.679164
Prog_71 9.838605 70.196307 61.39236 612.864664
Prog_111 10.067027 65.979156 67.050218 539.290421
Prog_110 13.163871 73.956046 88.677983 640.505354
Prog_117 11.819812 73.273762 71.681535 602.215378
Prog_116 14.40845 83.105377 98.121529 746.650492
Prog_115 10.237024 63.498363 67.182758 545.704965
Prog_152 10.431418 59.537076 66.444433 469.40339
Prog_59 0.0 77.877675 0.0 665.181004
Prog_58 0.0 71.557041 0.0 610.09243
Prog_73 11.729334 75.241864 81.662619 617.429282
Prog_53 13.355724 87.684903 88.140216 776.397002
Prog_52 11.006386 65.424866 72.243019 523.119467
Prog_51 0.293059 75.773436 2.712309 607.91921
Prog_50 0.0 96.502073 0.0 820.242321
Prog_55 0.0 66.940981 0.0 526.773575
Prog_54 1.19856 77.281589 4.134558 663.988476
Prog_112 13.918543 65.059381 95.891064 558.377685
Prog_203 11.355375 75.126616 73.626858 636.857031
Prog_202 0.670345 90.38635 6.203262 741.773795
Prog_201 0.244779 87.403155 2.265144 714.960854
Prog_200 0.089437 90.587278 0.82747 779.864698
Prog_207 0.790338 89.064451 7.31536 739.058993
Prog_206 0.0 80.496348 0.0 684.339183
Prog_205 0.0 102.167854 0.0 806.983774
Prog_204 0.0 67.541791 0.0 544.563798
Prog_209 0.0 55.392136 0.0 452.56663
Prog_208 14.982873 82.271417 95.215675 665.742358
Prog_211 0.0 82.343361 0.0 688.29859
Prog_128 0.0 89.92128 0.0 746.228078
Prog_129 0.278804 95.155983 2.580996 826.145213
Prog_127 0.0 101.157111 0.0 826.775655
Prog_124 0.0 89.760686 0.0 770.095612
Prog_125 0.0 96.89406 0.0 806.028864
Prog_122 0.0 81.865114 0.0 737.750263
Prog_123 0.0 109.639196 0.0 897.341464
Prog_120 15.807706 98.873683 106.467217 834.062531
Prog_121 13.767265 82.888304 92.231019 693.655158
Prog_48 13.564714 75.186646 99.282072 658.133522
Prog_49 17.188456 99.223128 112.352975 821.811255
Prog_40 0.483634 60.67953 1.449164 509.221121
Prog_41 0.0 118.162494 0.0 1044.632357
Prog_42 0.0 82.848771 0.0 683.320696
Prog_43 0.0 91.704421 0.0 794.229817
Prog_44 10.961792 65.453089 73.369294 575.792051
Prog_45 14.377724 80.83607 100.401061 684.147586
Prog_46 0.0 68.985833 0.0 551.061713
Prog_47 0.0 84.224628 0.0 724.51894
Prog_150 14.198504 96.347276 99.020565 816.605819
Prog_131 0.0 103.164088 0.0 834.713822
Prog_130 13.372277 82.924303 92.887792 698.994119
Prog_133 0.0 118.14887 0.0 959.160209
Prog_132 15.591415 96.845306 104.230747 808.226378
Prog_135 0.0 116.196499 0.0 964.693303
Prog_134 0.0 107.349531 0.0 893.84776
Prog_137 13.319761 82.154083 88.154773 696.002898
Prog_136 0.0 81.116149 0.0 711.085221
Prog_139 14.917576 100.281716 94.906652 785.94627
Prog_84 0.71964 95.060161 6.659435 792.789168
Prog_101 0.0 53.433658 0.0 414.907322
Prog_102 0.0 57.433055 0.0 466.092401
Prog_103 9.643475 69.598858 62.023445 571.50405
Prog_80 11.163145 66.623258 78.02686 583.911866
Prog_81 13.094231 85.025807 87.96715 710.975781
Prog_144 0.423328 94.106984 3.918059 808.453593
Prog_145 0.0 107.097642 0.0 881.216074
Prog_146 0.0 114.691506 0.0 933.390783
Prog_147 14.287324 94.634878 95.221819 794.726296
Prog_140 0.0 71.296193 0.0 613.288656
Prog_141 14.847582 93.740744 107.802087 831.936862
Prog_142 0.0 102.492252 0.0 833.157602
Prog_83 0.0 79.267824 0.0 623.49417
Prog_148 15.97934 96.251724 122.073679 874.473743
