Prog_157 37.38959 2.085239 302.156473 21.543916
Prog_156 27.105936 8.27368 228.39622 84.551198
Prog_155 32.53177 6.137429 281.264309 80.106458
Prog_76 34.592407 1.691233 285.035179 20.386303
Prog_153 37.374978 0.0 300.748794 0.0
Prog_70 35.169505 2.118542 274.496785 21.245062
Prog_151 35.901067 0.001375 287.917634 0.014423
Prog_72 24.254854 4.068049 197.364175 55.833932
Prog_79 33.054255 5.535422 271.642288 63.583408
Prog_78 32.896484 10.853698 274.523843 106.08374
Prog_159 32.729321 5.416792 266.926815 64.078377
Prog_158 44.436698 2.692155 356.202397 28.217124
Prog_17 26.190887 5.124006 226.583869 62.171508
Prog_18 26.034863 8.900878 222.984043 95.494636
Prog_114 20.701742 3.774535 167.225735 40.591891
Prog_168 26.68745 4.555552 226.311042 58.631434
Prog_162 46.508507 2.343179 377.837612 21.523161
Prog_163 26.622993 4.69435 204.646423 53.948709
Prog_160 32.190298 9.541915 265.683381 96.978146
Prog_161 43.675705 7.886618 344.355624 80.303455
Prog_166 36.775962 6.313495 295.43727 80.469882
Prog_167 31.185737 5.268392 247.844389 61.933711
Prog_164 34.168856 10.571061 291.851505 105.95454
Prog_165 35.234591 10.708594 275.342261 98.358332
Prog_63 23.520173 6.18538 201.116476 67.470781
Prog_61 24.55201 1.563163 196.864523 14.586396
Prog_66 31.151023 2.347061 240.038195 23.740349
Prog_67 20.30341 5.399721 178.50611 56.644638
Prog_64 32.265554 9.080419 260.46406 86.099536
Prog_65 19.830291 6.118858 153.923395 63.38513
Prog_69 33.427821 2.071863 268.393638 21.887228
Prog_30 32.370758 5.753319 285.167888 71.726866
Prog_175 35.32942 6.059894 277.116482 74.273593
Prog_174 41.321278 8.36721 328.115389 89.4979
Prog_177 30.711406 5.368462 241.659076 66.336609
Prog_176 26.555184 8.732006 228.766769 86.90624
Prog_171 35.834941 5.864069 305.343504 71.133812
Prog_170 28.154204 9.971622 235.107131 107.832324
Prog_173 28.678039 4.642198 232.413956 66.003686
Prog_172 39.847176 0.0 336.016673 0.0
Prog_99 31.062746 5.294747 259.348413 60.792431
Prog_98 31.96703 6.17692 256.443507 70.299587
Prog_96 17.923549 3.034451 153.395798 36.112488
Prog_95 28.295537 0.0 234.539113 0.0
Prog_94 38.139538 0.0 321.759311 0.0
Prog_93 19.669305 3.833983 159.70049 46.486125
Prog_92 29.398171 5.012943 254.923563 59.835594
Prog_91 30.787889 9.2244 261.900298 103.165863
Prog_90 25.876361 8.639151 199.650781 81.541786
Prog_31 37.107154 2.565224 317.577867 26.083059
Prog_210 20.732512 6.154625 175.280368 67.481016
Prog_33 31.159309 5.442183 267.661482 63.584162
Prog_35 37.025759 6.23545 287.296636 75.551225
Prog_34 29.784473 8.429327 251.889056 92.632014
Prog_37 29.620789 10.705064 253.712833 111.081074
Prog_36 25.411323 4.939766 199.987146 59.134247
Prog_39 34.33283 5.706575 277.508267 68.64689
Prog_38 35.745647 2.168744 299.382886 24.193623
Prog_212 25.615793 4.842809 210.635063 54.521918
Prog_213 0.0 0.0 0.0 0.0
Prog_214 22.805683 6.947256 199.432549 75.397336
Prog_215 30.331603 5.76052 255.830718 65.120615
Prog_180 31.77266 5.117008 257.138378 67.001662
Prog_181 27.07387 9.12045 218.590597 92.863456
Prog_182 36.897768 11.584891 310.21662 120.486888
Prog_183 34.000035 5.205291 266.181458 58.439338
Prog_184 43.984727 2.002911 344.364448 19.763107
Prog_185 31.193567 5.17275 247.786586 55.045016
Prog_186 28.868971 10.033976 242.506317 108.868709
Prog_187 28.136718 6.831719 238.803417 70.020971
Prog_188 38.312312 2.097307 314.342407 21.892521
Prog_189 11.572758 1.994883 99.987832 24.192946
Prog_108 21.485462 6.261801 173.519472 69.096577
Prog_109 25.46192 7.349211 215.189504 78.537881
Prog_88 29.913559 1.732325 266.773471 14.518547
Prog_89 29.002264 5.172362 223.978692 59.483073
Prog_100 26.646861 4.54144 219.734885 53.519597
Prog_85 31.481918 5.755554 259.478198 62.394208
Prog_86 30.428505 11.311406 239.581703 106.853067
Prog_87 31.337701 5.530414 251.628129 62.666312
Prog_104 28.35112 9.220056 242.443664 94.791543
Prog_105 26.722361 1.596855 224.6038 17.605694
Prog_106 28.94368 1.702492 256.594209 16.678056
Prog_107 28.359152 5.08051 233.662251 59.812066
Prog_28 31.046156 5.524524 279.284052 69.527552
Prog_29 43.176086 2.178395 366.847464 25.606181
Prog_26 38.365805 6.858568 327.040829 79.211971
Prog_27 23.008374 1.17358 199.927994 9.577007
Prog_24 33.470368 5.998604 287.564563 70.99241
Prog_25 20.839737 7.077643 181.69642 72.732804
Prog_22 40.306516 2.073667 354.916172 25.377308
Prog_23 43.10348 2.093023 385.304378 20.697448
Prog_20 26.064979 6.844914 246.825222 81.771533
Prog_21 31.116079 5.443373 270.538735 64.015997
Prog_193 31.871161 5.898092 268.046224 73.94179
Prog_192 40.340449 6.132762 344.366283 70.701398
Prog_191 31.049509 6.209575 249.274381 66.779265
Prog_190 29.370901 4.98613 229.173274 58.028121
Prog_197 29.794286 5.077835 249.635749 62.468335
Prog_196 33.2564 1.952169 263.592357 20.793281
Prog_195 25.817358 8.1335 207.128002 82.915491
Prog_194 37.468347 2.007839 310.320252 22.264192
Prog_199 34.586836 6.375305 285.079859 74.714539
Prog_198 35.826152 6.050729 295.530075 69.604143
Prog_77 26.537716 9.034678 208.127187 90.786784
Prog_119 45.0207 0.0 384.68629 0.0
Prog_118 35.759283 7.310578 294.122799 83.152396
Prog_113 25.836247 7.483691 227.299862 79.240676
Prog_71 29.996035 4.441599 237.843523 46.459214
Prog_111 29.997636 1.545003 247.76811 18.181481
Prog_110 30.476247 4.792927 239.777684 56.782072
Prog_117 28.156579 1.588882 235.030157 14.973124
Prog_116 23.036499 4.323239 190.979161 48.786926
Prog_115 23.918212 6.88098 201.663432 70.303659
Prog_152 36.208312 7.243683 275.902248 72.487302
Prog_59 33.92324 10.439504 290.793741 115.918068
Prog_58 36.343905 1.774865 316.309214 20.023904
Prog_73 36.724167 5.676259 320.918491 64.866113
Prog_53 25.150832 4.688596 213.954966 55.296472
Prog_52 40.063038 7.075808 323.45528 71.718323
Prog_51 23.86466 4.575276 193.90883 49.925277
Prog_50 29.419437 6.401145 230.144771 69.65248
Prog_55 28.725826 5.157829 234.071382 63.440435
Prog_54 39.861726 7.032899 318.335631 76.383401
Prog_112 28.80148 1.549895 248.647446 17.553962
Prog_203 40.304369 2.132833 330.475944 21.390807
Prog_202 25.887721 8.928359 226.584176 90.180818
Prog_201 32.214246 4.883171 259.542881 66.633149
Prog_200 39.815816 0.0 323.9537 0.0
Prog_207 34.603433 1.324397 302.652569 11.730679
Prog_206 34.399053 0.061456 276.96522 0.644551
Prog_205 29.964234 5.656166 245.873681 65.091238
Prog_204 25.700448 7.482286 212.112866 79.525934
Prog_209 10.013115 1.205428 82.65558 16.311732
Prog_208 27.74786 9.360149 227.439339 93.751435
Prog_211 28.628197 10.090693 250.788143 102.75813
Prog_128 36.628368 6.094607 294.494466 75.54128
Prog_129 39.320198 0.136755 336.350019 1.434471
Prog_127 29.858815 6.066906 266.843894 72.750394
Prog_124 34.499508 6.730305 290.640749 82.457234
Prog_125 33.802152 0.0 265.942735 0.0
Prog_122 39.966883 1.984848 343.525236 21.135811
Prog_123 35.828894 2.149847 291.967358 22.761762
Prog_120 39.816572 0.0 349.500836 0.0
Prog_121 28.19282 10.355639 245.759269 105.494935
Prog_48 34.757245 10.921814 300.182391 104.477366
Prog_49 30.649902 6.196624 255.179501 69.426832
Prog_40 33.358108 1.813372 284.890981 15.719901
Prog_41 32.778511 5.230404 289.8201 67.457115
Prog_42 40.623401 1.699448 350.927931 15.740787
Prog_43 38.01082 12.725522 303.398262 124.278242
Prog_44 33.939693 5.622504 277.939173 67.447484
Prog_45 32.139046 6.979197 265.979595 75.579864
Prog_46 32.215856 9.967295 279.106134 100.910401
Prog_47 32.049696 1.872171 273.059875 19.723325
Prog_150 33.405426 6.610044 271.974797 74.067251
Prog_131 27.703085 5.971371 222.591868 67.950952
Prog_130 43.641275 0.0 373.366703 0.0
Prog_133 36.408863 2.151628 311.809625 21.741817
Prog_132 33.488967 5.699416 284.861318 72.248377
Prog_135 43.241532 2.693743 338.70905 29.282356
Prog_134 38.468681 2.231316 336.274933 20.577923
Prog_137 38.694603 6.727756 308.085199 73.937882
Prog_136 35.804463 10.446076 293.554357 105.524425
Prog_139 35.129156 5.385781 280.446734 57.065728
Prog_84 30.618179 4.901148 255.255303 57.748815
Prog_101 29.212509 5.081255 252.757106 63.059791
Prog_102 29.120129 5.657709 231.706763 75.140749
Prog_103 31.475832 2.135028 253.695998 23.826697
Prog_80 26.782602 5.428406 224.153618 63.987378
Prog_81 29.690983 10.256957 236.557569 98.742536
Prog_144 30.78956 8.57926 262.279096 91.775077
Prog_145 39.379684 6.652103 326.360318 78.460193
Prog_146 27.282844 8.8394 233.095997 97.351008
Prog_147 35.476019 6.041488 302.557031 64.97766
Prog_140 32.52866 10.848009 268.942242 114.412945
Prog_141 30.880094 5.335219 250.590034 62.354373
Prog_142 37.119971 6.05088 294.516172 80.234345
Prog_83 23.621834 1.442513 194.298188 14.435136
Prog_148 33.091074 10.898154 261.483546 115.074479
