IACSP95-3018 1.94323 20.067097 13.407084 140.0583
IACSP95-3018 2.256539 16.981783 15.320971 121.325129
IACSP95-3018 1.309446 8.462421 9.038268 62.118517
IACSP95-3018 2.669958 18.146758 16.675827 131.914709
IACSP95-3018 1.631403 11.57603 10.897152 88.165852
IACSP95-3018 1.2357 10.016932 7.346959 70.555189
IACSP95-3018 2.142243 15.078545 13.205639 111.052497
IACSP95-3018 1.383734 9.242366 9.410651 67.469704
IACSP95-3018 1.7968 12.237991 12.442498 89.594373
IACSP95-3018 1.587349 12.963596 10.319589 101.107992
IACSP95-3018 2.189656 17.589418 14.77105 128.700509
IACSP95-3018 2.091603 15.801921 12.996776 104.345616
IACSP93-3046 0.0 18.863018 0.0 140.769209
IACSP93-3046 0.0 20.086652 0.0 143.304427
IACSP93-3046 0.0 17.928155 0.0 134.165621
IACSP93-3046 0.0 21.850844 0.0 162.902887
IACSP93-3046 0.0 18.262594 0.0 140.7296
IACSP93-3046 0.0 13.976504 0.0 111.981974
IACSP93-3046 0.0 12.269651 0.0 87.158094
IACSP93-3046 0.0 13.24433 0.0 105.214328
IACSP93-3046 0.0 13.293476 0.0 93.55982
IACSP93-3046 0.0 17.520714 0.0 123.07337
IACSP93-3046 0.0 21.24736 0.0 163.081956
IACSP93-3046 0.0 20.976054 0.0 160.18875
