IACSP95-3018 0.0 20.928712 0.0 153.045987
IACSP95-3018 0.0 22.313939 0.0 174.953388
IACSP95-3018 0.0 5.775638 0.0 42.868197
IACSP95-3018 0.0 17.243641 0.0 130.132867
IACSP95-3018 0.0 16.007797 0.0 117.749259
IACSP95-3018 0.0 12.982629 0.0 92.131222
IACSP95-3018 0.0 18.990684 0.0 142.88462
IACSP95-3018 0.0 10.561784 0.0 88.480722
IACSP95-3018 0.0 22.348158 0.0 171.129711
IACSP95-3018 0.0 15.248146 0.0 114.856793
IACSP95-3018 0.0 22.884093 0.0 173.892724
IACSP95-3018 0.0 16.90928 0.0 139.127713
IACSP93-3046 1.624385 19.942689 11.850076 145.209273
IACSP93-3046 1.537863 15.957929 11.570923 119.844053
IACSP93-3046 1.599738 15.746968 11.197018 110.014576
IACSP93-3046 1.109329 10.584947 7.773927 74.067915
IACSP93-3046 1.90606 22.406568 14.410985 169.089996
IACSP93-3046 1.558404 15.826301 11.180379 113.387556
IACSP93-3046 1.521162 16.271757 10.850052 115.855054
IACSP93-3046 1.792798 18.972821 13.396297 141.536559
IACSP93-3046 1.855919 20.108255 12.838421 138.867012
IACSP93-3046 1.358956 13.49444 10.010117 99.241711
IACSP93-3046 0.826162 10.720318 6.894748 89.009
IACSP93-3046 1.350575 16.441673 9.614269 116.853705
