Prog_157 0.0 17.244411 0.0 151.885922
Prog_156 0.0 19.237896 0.0 171.633345
Prog_155 0.100812 20.576787 1.07581 167.408499
Prog_76 0.0 16.531244 0.0 128.110572
Prog_153 2.697323 14.456153 18.32547 127.643974
Prog_70 0.0 13.218502 0.0 102.04988
Prog_151 3.053049 15.681372 24.100871 134.880347
Prog_72 0.0 15.367991 0.0 113.113145
Prog_79 0.289133 16.393032 1.310832 132.455232
Prog_78 0.0 17.435133 0.0 145.16501
Prog_159 3.978693 16.318808 34.077876 138.505051
Prog_158 0.72714 17.834924 4.577161 150.5484
Prog_17 0.081789 17.31122 0.872884 150.665877
Prog_18 3.821531 13.7224 29.830148 121.273829
Prog_114 1.511714 6.54553 9.385357 50.835095
Prog_168 3.352648 14.551721 23.255676 116.715701
Prog_162 0.405415 17.847553 1.175938 146.429924
Prog_163 0.373005 15.997857 1.297331 127.501246
Prog_160 0.62409 20.055255 2.502565 178.984635
Prog_161 0.534784 16.547708 2.306774 129.872104
Prog_166 3.954373 16.935697 30.698253 143.587578
Prog_167 0.008168 17.790099 0.087143 142.295925
Prog_164 0.0 22.148626 0.0 190.96893
Prog_165 3.50707 15.991409 29.762202 139.94258
Prog_63 3.695999 17.510364 27.867555 150.775162
Prog_61 0.0 15.489069 0.0 123.643555
Prog_66 3.404003 14.381565 26.18048 132.997103
Prog_67 3.141452 14.006923 21.432135 117.297251
Prog_64 3.408541 13.757673 29.11461 118.637494
Prog_65 2.571922 15.162561 19.47724 134.395242
Prog_69 2.52319 12.302618 18.796654 107.901191
Prog_30 0.076739 16.534978 0.818835 135.607315
Prog_175 2.664322 15.080007 15.989457 126.479397
Prog_174 0.542115 16.693365 2.281193 132.1259
Prog_177 2.669907 12.880275 18.837245 102.392722
Prog_176 0.311665 17.567582 3.325688 143.630897
Prog_171 0.0 18.290342 0.0 149.89303
Prog_170 0.068525 15.113931 0.731044 123.812039
Prog_173 0.750407 16.766168 3.663028 138.971158
Prog_172 3.873632 17.204394 31.103098 150.406454
Prog_99 2.560681 12.564938 20.505984 103.757748
Prog_98 0.414861 13.875525 1.835503 115.423092
Prog_96 0.527574 15.641344 1.650336 126.700681
Prog_95 0.0 14.353779 0.0 117.276817
Prog_94 2.379235 13.450459 17.652019 109.972146
Prog_93 2.972879 13.688735 20.87188 110.669241
Prog_92 0.094729 20.221882 1.010743 169.273358
Prog_91 0.0 12.312327 0.0 102.085812
Prog_90 2.563591 11.553799 17.391194 92.197153
Prog_31 3.599094 17.71757 26.733057 160.096797
Prog_210 2.35228 10.236401 17.686584 82.960242
Prog_33 4.061382 15.797578 32.781284 143.295982
Prog_35 0.145939 20.716669 1.557144 179.340724
Prog_34 0.0 20.220698 0.0 173.741216
Prog_37 0.767702 21.852136 3.033801 179.171699
Prog_36 2.539454 13.976044 18.05515 115.341404
Prog_39 3.863401 16.553237 26.633983 131.445974
Prog_38 2.940256 14.043598 22.681947 116.780923
Prog_212 0.0 15.901112 0.0 147.400146
Prog_213 0.193711 17.855231 2.067122 149.993245
Prog_214 3.037106 14.766129 25.146044 139.778727
Prog_215 3.254757 16.893892 21.161461 144.931229
Prog_180 3.325819 15.052136 25.979342 125.288943
Prog_181 0.0 19.982709 0.0 177.962812
Prog_182 0.088672 18.433602 0.946203 146.978331
Prog_183 0.436458 17.67525 1.203932 140.974936
Prog_184 3.080814 16.296412 24.171012 141.261152
Prog_185 3.746443 12.898085 30.011529 109.302273
Prog_186 0.005263 17.545132 0.056166 148.452299
Prog_187 2.779074 12.691743 18.987049 105.830334
Prog_188 0.0 16.539454 0.0 148.661634
Prog_189 0.0 8.885206 0.0 72.012095
Prog_108 2.800121 13.64421 21.664426 119.441553
Prog_109 0.0 10.533042 0.0 79.430381
Prog_88 0.144186 18.252176 1.538447 146.260732
Prog_89 2.517352 13.20736 18.552834 119.29805
Prog_100 0.49753 16.171584 1.265212 135.06282
Prog_85 0.0 12.967783 0.0 100.407981
Prog_86 0.0 12.419128 0.0 99.209855
Prog_87 2.094269 11.761322 12.445425 101.387915
Prog_104 0.0 15.39198 0.0 129.566566
Prog_105 2.087426 12.787435 14.85927 105.288645
Prog_106 3.037846 13.984314 21.397264 116.032089
Prog_107 3.013128 11.657946 22.964132 93.305421
Prog_28 0.0 19.316714 0.0 165.183297
Prog_29 3.078865 16.968764 22.285018 168.723326
Prog_26 0.289313 20.584427 3.087397 174.393881
Prog_27 0.0 17.473991 0.0 150.157305
Prog_24 4.457411 19.511799 32.126546 173.561043
Prog_25 0.518748 13.776853 2.112804 112.057563
Prog_22 0.257742 18.926537 2.750738 152.356762
Prog_23 0.673189 15.900428 2.889323 128.094409
Prog_20 4.666158 17.760598 33.720279 151.807002
Prog_21 2.719296 15.960794 21.464792 149.028062
Prog_193 0.0 15.658789 0.0 125.24146
Prog_192 0.0 15.017397 0.0 126.721813
Prog_191 2.665871 13.174228 20.780239 114.271931
Prog_190 3.535506 13.641393 25.093122 126.806342
Prog_197 0.0 19.013077 0.0 160.035739
Prog_196 0.0 17.421197 0.0 148.96948
Prog_195 3.119174 14.059342 25.365793 120.868157
Prog_194 2.362871 11.476537 16.353376 92.600747
Prog_199 0.0 17.755183 0.0 140.271095
Prog_198 3.258299 16.435445 25.156804 143.430809
Prog_77 0.0 10.472499 0.0 86.001302
Prog_119 0.766539 19.577491 3.039347 160.530463
Prog_118 0.0 7.202522 0.0 65.314772
Prog_113 2.469769 13.923437 16.711561 111.501721
Prog_71 3.755909 15.622072 30.928006 137.296593
Prog_111 3.090735 16.399182 22.777649 143.384685
Prog_110 0.266889 14.313248 2.060856 113.149107
Prog_117 2.273866 12.064607 16.300619 95.032496
Prog_116 0.227261 16.407365 2.425424 131.146666
Prog_115 0.0 19.772268 0.0 159.722907
Prog_152 0.0 18.56285 0.0 153.741013
Prog_59 0.213854 19.777321 2.281461 165.359136
Prog_58 4.183919 17.417232 31.996433 148.572209
Prog_73 0.499475 16.508339 1.41039 142.183566
Prog_53 2.312585 10.498536 15.52909 83.202694
Prog_52 3.103779 13.282208 21.602025 114.282842
Prog_51 3.047208 12.486092 21.516474 102.404365
Prog_50 0.044152 17.389312 0.471117 157.52227
Prog_55 0.0 16.750965 0.0 140.451321
Prog_54 0.790071 18.286522 4.285097 157.063325
Prog_112 0.68976 4.577836 4.402477 37.112486
Prog_203 0.0 19.121347 0.0 164.790071
Prog_202 0.004414 16.878515 0.047084 134.551966
Prog_201 0.0 5.291355 0.0 41.038623
Prog_200 0.0 16.47138 0.0 152.676721
Prog_207 3.447417 15.300831 27.217518 138.657115
Prog_206 0.140597 14.827426 1.499911 128.874391
Prog_205 0.0 17.943292 0.0 140.895126
Prog_204 0.036835 14.851401 0.392997 130.458425
Prog_209 0.293003 17.931381 1.041388 141.836917
Prog_208 2.764907 13.190568 19.48136 108.196552
Prog_211 0.309988 20.380063 1.12067 165.011579
Prog_128 3.438564 15.889395 27.231505 129.577475
Prog_129 1.389047 9.080312 10.64268 81.256479
Prog_127 0.260164 19.341513 2.775886 165.282219
Prog_124 0.23217 22.498735 2.477264 196.947785
Prog_125 0.084793 22.656975 0.904804 189.583833
Prog_122 3.38582 17.192528 28.22128 154.763451
Prog_123 4.652164 19.118362 33.26821 167.609239
Prog_120 3.889877 18.926929 27.673182 174.772906
Prog_121 4.651318 21.523334 34.415837 189.19368
Prog_48 0.183931 20.568274 1.962401 179.248551
Prog_49 3.26348 16.507977 23.109159 134.17649
Prog_40 2.695246 15.375776 16.973151 124.844585
Prog_41 4.411751 17.33422 34.19151 139.319553
Prog_42 0.027444 9.795461 0.292904 83.862261
Prog_43 3.185334 14.644477 27.008217 119.297765
Prog_44 0.112614 17.645543 1.201597 154.72414
Prog_45 0.299915 23.575631 3.200822 187.403856
Prog_46 0.825433 18.774244 3.870923 158.259717
Prog_47 4.306517 19.537352 34.551295 166.22454
Prog_150 4.476312 21.268557 29.87766 173.464036
Prog_131 3.503794 21.745488 25.018724 198.952006
Prog_130 0.0 23.187338 0.0 191.081816
Prog_133 3.760295 19.532051 28.380598 184.802857
Prog_132 0.657578 23.319785 2.385337 192.54736
Prog_135 0.000661 20.481842 0.007053 172.318745
Prog_134 0.0 20.759966 0.0 180.352101
Prog_137 0.0 20.943084 0.0 175.502166
Prog_136 0.099715 18.233962 1.064012 152.280552
Prog_139 3.80624 18.589592 26.782658 148.281829
Prog_84 2.912448 14.387839 22.790526 106.478472
Prog_101 2.633311 13.800469 18.455222 115.295612
Prog_102 0.0 15.337538 0.0 123.22494
Prog_103 0.555412 13.999786 3.670092 112.556284
Prog_80 0.0 18.390362 0.0 146.604561
Prog_81 2.392897 13.835047 18.208193 119.310508
Prog_144 3.069896 18.912836 21.703638 158.761134
Prog_145 3.89349 16.561961 28.694215 139.477508
Prog_146 0.053354 22.710845 0.569289 194.360491
Prog_147 0.0 22.231397 0.0 191.574339
Prog_140 3.334051 15.133362 24.029762 131.568788
Prog_141 4.090175 17.365054 28.041613 150.16937
Prog_142 3.070834 12.960127 25.291337 108.114786
Prog_83 1.158191 14.886856 8.021235 127.69972
Prog_148 2.898252 18.59712 21.075572 160.309057
