IACSP95-3018 1.978363 13.661001 11.409568 91.321121
IACSP95-3018 2.865586 23.157381 16.052772 160.941986
IACSP95-3018 1.728827 8.698304 12.297876 67.069893
IACSP95-3018 2.745048 20.123226 16.662971 141.429563
IACSP95-3018 2.961648 22.856325 20.731045 166.550074
IACSP95-3018 3.294939 21.517656 20.066849 155.729891
IACSP95-3018 2.1163 14.140136 16.202446 108.731077
IACSP95-3018 1.147128 7.52941 8.081244 58.138391
IACSP95-3018 2.218978 18.098511 11.603789 127.547843
IACSP95-3018 2.601664 20.342051 14.795472 136.16331
IACSP95-3018 4.660094 23.79384 28.551418 178.369514
IACSP95-3018 2.27024 16.477983 13.287837 117.379808
IACSP93-3046 0.0 17.214611 0.0 126.037915
IACSP93-3046 0.0 26.879827 0.0 194.280299
IACSP93-3046 0.0 17.660725 0.0 117.796825
IACSP93-3046 0.0 15.144917 0.0 101.817529
IACSP93-3046 0.0 27.406787 0.0 203.378459
IACSP93-3046 0.0 13.938579 0.0 103.560866
IACSP93-3046 0.0 20.554447 0.0 141.266091
IACSP93-3046 0.0 21.767758 0.0 157.613195
IACSP93-3046 0.0 33.815878 0.0 245.094806
IACSP93-3046 0.0 23.096006 0.0 161.209957
IACSP93-3046 0.0 26.926153 0.0 197.594285
IACSP93-3046 0.0 24.805841 0.0 188.000803
