Prog_157 0.0 42.706159 0.0 374.687139
Prog_156 0.0 43.872483 0.0 358.932713
Prog_155 6.384633 32.943427 39.012004 274.170755
Prog_76 0.0 29.102612 0.0 245.009311
Prog_153 4.476822 32.157794 29.150501 266.77343
Prog_70 0.020773 44.290709 0.194848 359.951773
Prog_151 6.653876 41.851987 44.918784 371.016317
Prog_72 2.860382 22.83877 19.642359 197.528534
Prog_79 0.0 43.527621 0.0 371.782012
Prog_78 8.099979 42.177468 54.451152 359.583601
Prog_159 0.0 58.686699 0.0 486.847377
Prog_158 8.598319 48.689149 57.409573 399.765181
Prog_17 5.816987 44.338716 41.060449 366.339773
Prog_18 0.0 61.693887 0.0 518.517168
Prog_114 2.68642 27.49764 17.219211 219.00936
Prog_168 5.438344 28.326801 35.585086 231.831758
Prog_162 0.0 49.104824 0.0 402.77805
Prog_163 0.0 43.906828 0.0 347.02685
Prog_160 6.214476 32.309132 43.81989 259.634974
Prog_161 4.302727 33.891888 31.80164 302.932136
Prog_166 0.0 52.998373 0.0 429.594584
Prog_167 0.0 43.938019 0.0 372.333171
Prog_164 5.161529 37.599107 34.129653 300.617603
Prog_165 8.038052 52.450805 57.865315 459.899122
Prog_63 0.0 38.737365 0.0 316.065523
Prog_61 0.0 48.877797 0.0 419.745423
Prog_66 0.0 36.808053 0.0 312.279298
Prog_67 8.656294 43.838142 60.022137 381.995244
Prog_64 0.0 37.733741 0.0 310.131158
Prog_65 0.0 59.231759 0.0 501.627534
Prog_69 7.406981 49.498208 48.754413 425.206013
Prog_30 5.551563 37.70031 40.522848 318.19158
Prog_175 0.0 23.811796 0.0 202.278077
Prog_174 4.600084 28.676701 29.126386 236.789063
Prog_177 4.966733 30.458753 36.1978 241.55453
Prog_176 5.503768 45.152533 35.830251 363.034679
Prog_171 0.0 27.726125 0.0 236.355426
Prog_170 0.0 26.763049 0.0 201.225246
Prog_173 0.0 28.227672 0.0 240.102651
Prog_172 6.897732 39.202698 47.037552 327.146525
Prog_99 0.0 36.892858 0.0 290.706829
Prog_98 5.336839 38.611083 38.380293 343.78409
Prog_96 5.937985 37.633998 38.738842 311.375795
Prog_95 0.0 50.977762 0.0 420.348226
Prog_94 0.0 35.409051 0.0 303.00072
Prog_93 0.0 63.115451 0.0 520.748013
Prog_92 0.0 27.966495 0.0 216.521894
Prog_91 5.159025 37.828533 33.61649 322.187353
Prog_90 5.017253 31.9102 37.172026 247.624768
Prog_31 0.0 34.685159 0.0 279.111111
Prog_210 0.0 44.519848 0.0 381.583104
Prog_33 0.0 46.387499 0.0 374.794031
Prog_35 10.01767 73.224856 69.392179 581.978441
Prog_34 0.0 71.327611 0.0 580.059589
Prog_37 0.0 40.654666 0.0 328.664505
Prog_36 7.82714 55.033466 52.98094 424.367034
Prog_39 3.817708 25.53882 24.95378 201.067201
Prog_38 7.350201 52.266395 49.186826 445.176102
Prog_212 4.341425 30.4323 26.709391 251.107313
Prog_213 5.407473 36.994408 38.522837 321.260354
Prog_214 4.73803 28.094014 31.572458 225.408372
Prog_215 0.0 40.378543 0.0 345.598725
Prog_180 0.0 53.538879 0.0 469.513913
Prog_181 6.462522 35.570201 43.804882 296.972965
Prog_182 3.541254 30.043067 22.971138 255.186915
Prog_183 1.891183 11.374874 15.875194 109.533544
Prog_184 0.0 43.094444 0.0 371.446476
Prog_185 0.0 33.156204 0.0 279.067584
Prog_186 0.0 48.35839 0.0 410.547973
Prog_187 5.738296 40.243126 39.929764 347.766652
Prog_188 0.0 51.41572 0.0 405.610995
Prog_189 5.555958 36.269217 36.610853 287.380486
Prog_108 0.0 42.079141 0.0 370.691086
Prog_109 0.0 35.412715 0.0 292.142075
Prog_88 0.0 36.504482 0.0 300.76206
Prog_89 5.244096 32.20731 32.564043 260.404536
Prog_100 6.718735 43.808319 43.4232 365.827667
Prog_85 4.229987 29.829518 27.675217 239.029036
Prog_86 5.356858 36.743805 35.534026 295.08176
Prog_87 6.462502 41.39314 41.421489 361.017381
Prog_104 0.0 38.265929 0.0 306.262909
Prog_105 3.555855 26.597604 23.367985 216.079666
Prog_106 4.246891 31.882503 26.120269 247.806129
Prog_107 3.899502 26.167598 24.410189 202.394658
Prog_28 0.0 39.288767 0.0 319.585399
Prog_29 0.0 12.616598 0.0 106.56678
Prog_26 5.423608 35.973686 34.403047 301.070138
Prog_27 0.0 40.901369 0.0 342.801024
Prog_24 0.0 28.815935 0.0 250.460881
Prog_25 0.0 49.619232 0.0 420.886358
Prog_22 0.0 47.495546 0.0 410.973462
Prog_23 6.067252 42.365849 38.045076 362.626089
Prog_20 2.959957 30.52658 20.851285 244.127606
Prog_21 0.0 30.460311 0.0 232.797138
Prog_193 5.050934 33.329579 31.990018 264.629673
Prog_192 5.598849 33.3127 37.26552 277.662892
Prog_191 0.0 37.321072 0.0 299.161126
Prog_190 0.129017 33.044209 1.210479 267.175941
Prog_197 5.583668 45.754162 37.789267 385.678878
Prog_196 4.732151 40.331946 30.569801 317.61252
Prog_195 3.016655 24.576941 19.822064 214.406312
Prog_194 0.0 43.119189 0.0 384.132422
Prog_199 3.98055 26.674059 28.989136 217.636744
Prog_198 0.0 51.280745 0.0 403.06578
Prog_77 0.0 51.663789 0.0 421.83172
Prog_119 0.0 40.457619 0.0 365.620378
Prog_118 7.664498 43.688991 52.803371 358.662009
Prog_113 0.0 36.745568 0.0 300.943911
Prog_71 0.0 54.126574 0.0 443.464152
Prog_111 5.324245 40.463828 32.754005 344.141325
Prog_110 0.0 42.629292 0.0 351.810521
Prog_117 0.0 29.007009 0.0 222.895775
Prog_116 2.991267 22.54315 19.10955 190.87764
Prog_115 0.0 27.705256 0.0 215.310771
Prog_152 0.0 52.289938 0.0 435.101222
Prog_59 5.571354 34.58132 37.019976 291.244014
Prog_58 0.0 56.064838 0.0 456.632349
Prog_73 0.0 46.402052 0.0 386.528727
Prog_53 8.151236 50.050964 54.259384 416.510737
Prog_52 8.016862 53.43942 53.199453 433.596919
Prog_51 8.876362 53.263307 62.153786 429.192183
Prog_50 0.0 47.462716 0.0 376.743724
Prog_55 0.0 54.519983 0.0 462.503226
Prog_54 0.0 49.522139 0.0 414.07042
Prog_112 4.997002 38.099331 30.837104 322.990234
Prog_203 0.0 36.49187 0.0 311.39914
Prog_202 0.0 62.531009 0.0 544.899747
Prog_201 0.0 45.085387 0.0 378.113732
Prog_200 4.90818 36.162489 34.310547 289.112533
Prog_207 0.0 48.602088 0.0 426.884663
Prog_206 5.431062 34.501932 32.583239 289.837127
Prog_205 3.219193 25.121178 21.865593 201.462509
Prog_204 5.350047 37.851386 35.012856 309.28984
Prog_209 0.0 43.060077 0.0 341.269985
Prog_208 0.0 43.707615 0.0 345.664484
Prog_211 2.39535 25.585791 16.047012 206.283466
Prog_128 4.127562 30.145777 27.978679 240.900225
Prog_129 3.47524 24.75234 21.186815 190.950524
Prog_127 4.116292 31.952038 27.756228 275.356043
Prog_124 0.0 35.300422 0.0 289.47584
Prog_125 0.0 28.645884 0.0 237.866664
Prog_122 0.0 43.414882 0.0 371.98302
Prog_123 4.805431 33.053268 31.327022 274.32425
Prog_120 0.0 36.563245 0.0 320.661356
Prog_121 5.511485 38.896053 35.269918 321.959221
Prog_48 6.693507 40.722573 45.852838 350.602433
Prog_49 8.151609 50.378009 53.45635 400.022394
Prog_40 6.973821 41.878255 50.043411 341.787429
Prog_41 6.932612 42.179658 47.522759 343.339053
Prog_42 5.084496 40.184184 30.542132 325.499296
Prog_43 5.573509 52.138158 34.989285 437.883977
Prog_44 0.0 44.552044 0.0 368.488794
Prog_45 0.0 56.695093 0.0 479.618486
Prog_46 0.0 54.148268 0.0 448.763734
Prog_47 0.0 0.0 0.0 0.0
Prog_150 8.026473 45.587629 53.399944 354.511897
Prog_131 3.98265 32.670196 25.324761 258.75853
Prog_130 0.0 40.740824 0.0 348.849797
Prog_133 5.972849 41.119629 41.724699 346.679771
Prog_132 2.939847 23.765146 19.704353 187.878622
Prog_135 6.723997 40.258637 45.385504 324.103286
Prog_134 0.0 46.951484 0.0 404.749673
Prog_137 0.0 45.724386 0.0 383.785586
Prog_136 0.0 24.2213 0.0 195.139469
Prog_139 0.0 60.556211 0.0 532.32674
Prog_84 2.894356 30.054877 18.101528 236.593133
Prog_101 0.0 40.542621 0.0 347.45701
Prog_102 0.0 57.890328 0.0 459.938295
Prog_103 7.79704 49.754829 53.216876 404.699884
Prog_80 0.0 41.370287 0.0 360.941262
Prog_81 0.0 43.301909 0.0 385.866858
Prog_144 0.0 49.267349 0.0 429.968602
Prog_145 7.564003 47.751546 54.560928 401.646945
Prog_146 0.0 42.742878 0.0 341.495456
Prog_147 6.562352 44.288706 45.040965 352.00109
Prog_140 0.0 50.486039 0.0 399.973086
Prog_141 0.0 48.604214 0.0 422.857984
Prog_142 0.0 33.931506 0.0 279.261226
Prog_83 0.012463 0.148974 0.116948 0.583269
Prog_148 3.807204 28.352628 25.256971 211.180311
